	C1	C2	C3	C5	C7	C8	B1	B3	B5	B6	B7	B9	FC	FDR	.	log2FC	group	Compounds
Pregn-5-ene-3,20-dione	6.21660610108486	6.21660610108486	6.21660610108486	6.21660610108486	6.21660610108486	6.21660610108486	15.2271839002161	14.0287376367881	14.0166165760234	15.8810056351177	15.9154903048659	13.9733436747191	0.000126106547516577	0.00023631460308577	1.93498875120983	-12.9530691964728	Blackrice	Pregn-5-ene-3,20-dione
Isochorismic acid	6.21660610108486	6.21660610108486	6.21660610108486	6.21660610108486	6.21660610108486	6.21660610108486	15.9039576776757	10.9349713488961	11.8637643742389	15.1707064609305	14.6843014543368	10.7802284730301	0.000205759869850337	0.0089962893777152	1.80070777369073	-12.2467507443212	Blackrice	Isochorismic acid
Chorismic acid	6.21660610108486	6.21660610108486	6.21660610108486	6.21660610108486	6.21660610108486	6.21660610108486	15.6587209757935	10.9072852805938	11.8618580459187	14.9378929232482	14.6355290178118	10.6968556884618	0.000252100205080479	0.00832330197614561	1.8059076559154	-11.9537150877375	Blackrice	Chorismic acid
Homovanillic Acid sulfate (sodium salt)	6.21660610108486	6.21660610108486	6.21660610108486	6.21660610108486	6.21660610108486	6.21660610108486	14.6634746132515	14.2283762580132	14.3942710257034	14.6610707227183	13.6031490838331	14.2713790102718	0.00028998542041713	2.78054266547102e-05	1.95073534875623	-11.7517320117943	Blackrice	Homovanillic Acid sulfate (sodium salt)
Silicristin	10.9425844035884	9.90702451360817	8.96915191601084	9.0402663405516	8.48361520848999	8.34410626173745	18.1424290744754	12.604881259926	14.8450843562478	18.4733013900687	18.1213115822166	11.6590891731156	0.000394385847227846	0.0244419369511743	1.63447135987636	-11.3081045988797	Blackrice	Silicristin
Icacine	6.21660610108486	6.21660610108486	6.21660610108486	6.21660610108486	6.21660610108486	6.21660610108486	12.9797306043554	11.1757385330151	12.8519834853366	12.1991131684516	12.8099686736751	11.7745011524387	0.00189776208810225	0.000316663408849695	1.93038107906898	-9.04148514363544	Blackrice	Icacine
alpha-Glutamylaspartic acid	6.21660610108486	6.21660610108486	6.21660610108486	6.21660610108486	6.21660610108486	6.21660610108486	12.2387833423196	9.99845427791219	9.94267985855516	12.0088142363139	11.7842422397089	8.93577497853883	0.00543084784982765	0.00650673123814934	1.82553750274838	-7.5246068392556	Blackrice	alpha-Glutamylaspartic acid
Chrysophanol	7.00392294195176	8.93185566538641	8.58823758384099	8.81524608932074	8.69352583256889	7.24800567151813	13.2620766716397	12.6276420242929	12.3849347352624	13.7752082525489	13.9261649858088	12.6045921584057	0.00805222960526729	0.000103391853422094	1.87388936903761	-6.95639597409462	Blackrice	Chrysophanol
Inosine	11.8459421982104	11.7299396524543	11.2103115730346	11.9274565242042	12.2364347260282	11.6541598375704	16.0978094958734	16.1500674492905	16.826030070401	15.2225157120593	16.9501236706185	16.4227717514578	0.00999831760855728	7.91145652739331e-05	1.91489498790715	-6.64409892797346	Blackrice	Inosine
Hispidol	9.18373754373254	7.55076406642031	7.19778703177171	7.93800379716633	8.56472717129741	7.70508839034513	12.6528820149535	12.0565881446373	11.7016066894727	13.2639573459855	13.5206430052708	12.1598277030592	0.0109738515970132	9.15333617733709e-05	1.8796941000971	-6.5097862187596	Blackrice	Hispidol
N2-Succinyl-L-ornithine	12.0137938606693	11.9707059930509	11.5220269088881	12.1313816095816	12.303584362445	11.7325880077984	16.1289773608147	16.0925148312613	16.8372740677521	15.491397591427	17.1094679176916	16.4662773456497	0.0109927922165861	7.91145652739331e-05	1.91874567130427	-6.50729830618334	Blackrice	N2-Succinyl-L-ornithine
Adenosine	12.6975466545945	11.78571140692	11.9092030830482	11.7805455174014	12.427469361215	12.0275255724019	17.2943435627489	17.2520551826866	17.1861502661257	13.8914500886473	14.6671361490583	14.5002486853322	0.0117798745778724	0.0207096241981675	1.70059988919386	-6.40753201111949	Blackrice	Adenosine
2-Aminopurine	11.2814832576142	10.2011391778098	10.6507750967703	10.7730988619899	10.9053408615961	10.5895431365604	15.3064903451953	15.5259262048667	15.6818897813514	12.3008249470221	13.0420094161631	12.8717468335169	0.016586467623531	0.0230252696909506	1.67893861534247	-5.91384951774447	Blackrice	2-Aminopurine
Carnitine C14-OH	6.21660610108486	6.21660610108486	6.21660610108486	6.21660610108486	6.21660610108486	6.21660610108486	9.92122349718475	9.80971538079082	9.62409859098202	9.79419147381053	9.50713351577563	9.58592761011944	0.0301114938342423	2.78054266547102e-05	1.95179043943084	-5.05354190769042	Blackrice	Carnitine C14-OH
Hesperetin dihydrochalcone	12.1020531847007	10.9505130665626	10.2306604082795	11.3688665162627	11.891727955602	11.8410513085848	15.5439709413707	15.5988114410046	15.5680536606696	12.438005645025	13.1816744754672	12.7812963292258	0.0344223447352199	0.0347348085184659	1.5486693277117	-4.86051081747909	Blackrice	Hesperetin dihydrochalcone
Hypoxanthine-9-¦Â-D-Arabinofuranoside	11.6024893893538	11.6016298362027	11.2409780627679	11.4897383149572	11.8372005210681	12.4131087093903	15.4644647765905	15.5084755443649	15.6142646784834	12.6893935921634	13.2021127650791	13.0611432787142	0.0431213427715968	0.0371972439504758	1.58239070105577	-4.53545408636516	Blackrice	Hypoxanthine-9-¦Â-D-Arabinofuranoside
Xanthine	12.9458955055974	12.0773238090874	12.112796205225	11.9218702473172	12.7711443570952	12.4574346958438	15.3017203493347	15.0922519707824	15.6645555322799	14.9275712645798	15.9314276875692	16.0078657383401	0.0443460368463128	7.02801508364936e-05	1.90007347578863	-4.49505101146376	Blackrice	Xanthine
Guanosine	11.2406707279209	10.2537756160071	10.7006949372652	8.75747395036136	10.8413879468581	10.4412626460296	12.7516440236824	13.1820849056251	13.8926174606843	12.99377929782	14.2056364786317	13.8400522401408	0.0491310736345745	0.00165380255515519	1.80647289473875	-4.3472204239129	Blackrice	Guanosine
Hypoxanthine	12.2199935845602	12.4348516259434	13.0490176225661	13.9945608173948	13.231930890147	12.7574237845748	15.3678396272827	15.5500936646031	16.0326933601857	15.117586164456	16.6379296038153	15.8601930185417	0.0631899970568742	0.00046697801776789	1.81868604589263	-3.98415999116043	Blackrice	Hypoxanthine
2-(2-Amino-3-methoxyphenyl)-4H-1-benzopyran-4-one	10.8488179863115	10.6517270649188	10.2757240001128	8.91120095072324	9.98648494145212	10.3431123241618	13.5502039333376	13.7461391275115	13.707758191221	11.0150783009606	11.4224790152315	11.130624354887	0.0649147556843316	0.0478491559033386	1.48274052194973	-3.94530973723661	Blackrice	2-(2-Amino-3-methoxyphenyl)-4H-1-benzopyran-4-one
3-Hydroxycinnamic acid	11.6911905512345	12.5274012855895	12.127397262309	12.1785264786486	12.1117985670375	12.4827482285684	14.2186365731931	14.4412022332554	14.8399425479657	14.6646686664452	13.741783614779	14.0242286399054	0.114597233818064	0.000180655155827334	1.86629035926306	-3.125355874572	Blackrice	3-Hydroxycinnamic acid
Ferulic<U+00A0>acid	9.67886902022207	11.0165501724451	8.71500241079425	10.4595414301082	10.4414966967845	11.2537737999945	11.8559337422083	12.4324431019812	12.5695634892601	12.9311153775587	11.2995043560446	12.2672297871798	0.165423705364718	0.0214745641869156	1.58519876111433	-2.59576210607596	Blackrice	Ferulic<U+00A0>acid
D-Proline-betaine	11.7320284200592	12.6247507700012	11.7808070471635	12.6256256334802	12.4302162893851	12.7499633417506	14.5236574620863	13.6413052740183	13.4572454854409	14.5086520295079	14.3602979349938	13.7640573517389	0.176900424919535	0.0019576745766673	1.75158218519266	-2.49899058146289	Blackrice	D-Proline-betaine
(E)-3-(3-hydroxy-4-methoxyphenyl)acrylic acid	9.44586049102328	10.5399208287119	8.92372270524359	9.86820855364996	9.79781577232941	10.6209237022822	11.2190187260838	11.9016810344077	11.8901667792831	12.3092955172543	10.7935353251183	11.7595421382813	0.177787507960054	0.00694308383131481	1.66458719119894	-2.49177413650833	Blackrice	(E)-3-(3-hydroxy-4-methoxyphenyl)acrylic acid
3-Indolepropionic Acid	12.0912594902226	13.6622342551413	12.4594861872967	13.5483796968634	12.9688195219886	13.2448574517381	14.4503225427833	15.1200738220289	14.9956050654048	14.3346798165978	14.6398304554089	15.1365219745322	0.18465846843405	0.00530470158003975	1.72697081739059	-2.437068668858	Blackrice	3-Indolepropionic Acid
4-(2-Aminophenyl)-2,4-dioxobutanoic acid	9.6534306421766	9.47359485085445	9.33540387790776	9.85677918549756	9.09266409268364	9.25009948439733	11.2649570770901	10.582904542957	11.4730448622017	10.6697215854951	10.70275399913	11.0391732768885	0.215479971829286	0.000635419830589455	1.80586626535845	-2.21437431320803	Blackrice	4-(2-Aminophenyl)-2,4-dioxobutanoic acid
Lactapiperanol D	13.0708971019512	12.5566924639921	12.9152932932628	13.6547208373462	12.9486505050861	13.0369928723568	14.5034725777828	14.4038613020771	14.2421512145332	13.30544796002	14.8827563761627	13.8097429996297	0.29478444201319	0.0222855620465784	1.56994776939507	-1.76226771028719	Blackrice	Lactapiperanol D
LPE(0:0/20:5)	11.6003067522013	11.6246244283587	11.6453456319121	11.7705251924209	11.3950860454368	11.9466312772367	12.7590626884731	13.011845784185	12.6207963770002	12.7379968144691	13.2112564881553	12.5040042402115	0.313890283275334	0.00046697801776789	1.83897899474722	-1.6716677250545	Blackrice	LPE(0:0/20:5)
LPE(20:5/0:0)	11.6003067522013	11.6246244283587	11.6453456319121	11.7705251924209	11.3950860454368	11.9466312772367	12.7590626884731	13.011845784185	12.6207963770002	12.7379968144691	13.2112564881553	12.5040042402115	0.313890283275334	0.00046697801776789	1.83897899474722	-1.6716677250545	Blackrice	LPE(20:5/0:0)
(¡À)13-HpODE	11.397203436092	12.5312229582301	11.6212398290192	12.6196528215583	12.1074336894927	12.1940207609441	13.0907031136825	13.3961681651115	13.1276657286611	13.2771641703765	12.9759082694267	13.5109865552004	0.341008367218578	0.0139635863113247	1.67004763727263	-1.55212095623424	Blackrice	(¡À)13-HpODE
p-Coumaryl alcohol 4-O-glucoside	10.4173390986779	10.7940623680632	10.5048209842468	10.7886793977353	10.6927006034307	10.2866656500219	11.0657463178697	11.9205382983977	11.9887061007588	11.4432319521986	11.4011583579729	11.7746975687606	0.349651121087029	0.00530470158003975	1.72105243560202	-1.51601196397626	Blackrice	p-Coumaryl alcohol 4-O-glucoside
Sedoheptulose	12.3418367065821	11.5944730302389	11.9036232306311	13.11498836191	11.9469345680205	12.1233286609829	13.3759396563935	13.4805034212399	13.1977442251367	12.7564469291498	13.7048844788609	12.8036279366594	0.376717876491849	0.0270967847591743	1.51816186858775	-1.40844359939284	Blackrice	Sedoheptulose
Carnitine C14:2-OH	10.231979693077	9.91701103218206	9.94619904706639	10.7414304482303	9.94436042416212	10.2688278497711	11.4745499541168	11.1335560238818	11.1348759832196	11.1039465756571	11.2236687651766	10.931979962383	0.382880305435009	0.00365344945939251	1.75599250456826	-1.3850346420171	Blackrice	Carnitine C14:2-OH
Carnitine C10:1	11.7206951115114	11.5828335479234	11.720058999588	12.2024678249648	11.862175542583	11.8547796400868	12.74978436413	12.6977017904589	12.7616668543169	12.3633491776439	13.2571157159459	12.5921098328309	0.393862943800939	0.00356933699432191	1.73426887077893	-1.34423440606296	Blackrice	Carnitine C10:1
Carnitine C6:0	12.9107723620833	12.9662150947631	12.7389281400315	13.5981361713454	13.1245951351793	13.1078241404828	14.1453931001626	14.0163533691591	13.8334797594837	13.7181387518681	14.3488664127897	13.8318198288252	0.409336199543798	0.00370313220875673	1.71624980158414	-1.2886418380917	Blackrice	Carnitine C6:0
LPE(0:0/22:5)	11.6373273476509	11.9658266672579	11.6936700481613	12.0442777115315	11.8374643493862	12.0549325729403	12.3648138810438	12.601773521971	12.852183912498	12.7191063436048	13.1242081725229	12.7928065642672	0.413122224787083	0.00195240853511293	1.76713754418562	-1.27535941976322	Blackrice	LPE(0:0/22:5)
LPE(22:5/0:0)	11.6373273476509	11.9658266672579	11.6936700481613	12.0442777115315	11.8374643493862	12.0549325729403	12.3648138810438	12.601773521971	12.852183912498	12.7191063436048	13.1242081725229	12.7928065642672	0.413122224787083	0.00195240853511293	1.76713754418562	-1.27535941976322	Blackrice	LPE(22:5/0:0)
LPC(16:2/0:0)	11.7301307234726	12.2884819060917	12.454945388099	12.4877162246732	12.0854780403638	12.7009531746526	13.1520737970834	13.1158597715323	13.3443266425348	13.1524059761897	13.4867370690069	12.9026750740896	0.418131737456968	0.00746785473345737	1.69356336108633	-1.25797054245477	Blackrice	LPC(16:2/0:0)
DL-Stachydrine	13.5109765310723	14.058053327373	13.8423415372522	14.0976436376933	13.7154881931042	14.1625408862592	15.4032718676345	14.9288936626974	13.9795558228194	14.5817529224096	14.5181035084446	14.7582675399206	0.421662254892391	0.0451803574366335	1.47711486929497	-1.24584021037429	Blackrice	DL-Stachydrine
3-Indoleacrylic acid	9.97119533204599	11.1554440890955	10.1163634692377	10.6704404621147	10.1832499952187	10.1250797823732	11.8197056717684	10.8933003635336	11.0081786577048	11.1044767739518	11.5989263510859	11.1295489597651	0.426517971191994	0.0335042890026187	1.4695871915169	-1.22932156459034	Blackrice	3-Indoleacrylic acid
Icosa-5,14-dienoic acid	10.6984325069697	9.74415821968594	10.2331230712552	10.9090533860741	10.0678635924364	10.4793807429704	11.5807032287794	11.5595008287552	11.1803219817226	10.7169992560672	11.485471464746	10.7057276985638	0.431373062395095	0.0371972439504758	1.45304920403838	-1.21299200638714	Blackrice	Icosa-5,14-dienoic acid
O-Phospho-L-threonine	10.9340233085006	10.1273882087741	9.86826074447531	9.93891037436005	10.6504329097824	9.89387334681658	11.1668598696211	10.7315927843715	11.2023010012701	11.216080788575	11.2447119688624	11.1651508160658	0.445274697931173	0.0274128420439276	1.59761713715253	-1.1672324597657	Blackrice	O-Phospho-L-threonine
Carnitine C18:2	12.9458701154549	12.8746078886642	12.8155199031793	13.4593541140098	13.1130394538112	13.092598603178	14.519628074243	13.5906163296089	13.7429118558124	13.4449316547017	13.7446773064092	13.8310263500944	0.447435237521628	0.0234215142863041	1.56347526527722	-1.16024921534363	Blackrice	Carnitine C18:2
LPC(22:2/0:0)	9.56561693103037	10.1992711678109	9.90815916504238	10.6513094857292	9.67123052498947	10.6615073007776	10.8708986085994	10.6796843028562	11.167794940904	10.8390865346203	11.2937736652542	11.0161719447474	0.45126299902272	0.034593232896548	1.52067778190073	-1.147959604205	Blackrice	LPC(22:2/0:0)
N-hydroxy-L-tryptophan	10.4960956616844	9.80984496522623	10.1779240880178	10.8231671891803	10.1161494127543	10.1862748901696	11.3582366926805	11.0726933921866	10.9566111080592	10.6634295510991	11.5218442401904	10.8464214959791	0.45264717622005	0.0211197356280074	1.54561993680382	-1.14354114052596	Blackrice	N-hydroxy-L-tryptophan
Iminodiacetic acid	11.436136715619	11.6960405435092	10.9745362086273	11.1356945660524	11.1972690106225	10.4459111355249	11.8456159117732	11.747872543759	12.0337905599727	12.0645049101167	12.0853632229899	12.125917591421	0.460919439229479	0.0297394973597018	1.58207456199607	-1.11741348041617	Blackrice	Iminodiacetic acid
Quinoline-2-carboxylic acid	10.100606314937	9.81776845564732	9.25088709501272	10.042463614449	9.66976018218247	10.605110510002	11.0285775926564	10.4698651767841	10.5918742672876	10.6794864502673	11.0244673574046	10.7179921791517	0.461497097155279	0.034593232896548	1.53903316547824	-1.11560652162705	Blackrice	Quinoline-2-carboxylic acid
9(10)-EpOME	12.9042072676012	12.9751305028237	12.8094318594862	12.9656652749161	12.8868126111901	13.0356934177615	14.0268879677265	13.5419961372241	13.6108292026361	13.3674731099998	13.9476023484838	13.5513603992566	0.462821456795667	0.00742907244991205	1.77069996739804	-1.11147234432457	Blackrice	9(10)-EpOME
Penciclovir	11.4695674652136	10.871359328354	11.139511590705	11.9142931105995	10.8473662339522	11.4269501107237	12.3196614282589	12.268717200026	12.1579396841307	11.6869548591149	12.3609638717995	11.6949690998141	0.463411172774065	0.030379233522402	1.49711369767987	-1.10963526710365	Blackrice	Penciclovir
O-Phosphorylethanolamine	12.357261981905	11.9444836153409	11.4104945832965	11.4257576358153	11.872806161788	11.299795500058	12.6963692107727	11.963458627036	12.7009329988992	12.6249064030346	12.3146166542923	12.6510382984684	0.480219646175993	0.034593232896548	1.48847206597251	-1.0582336682851	Blackrice	O-Phosphorylethanolamine
2-hydroxyphenylacetic acid	10.2140822641211	10.6142867534155	10.5373689577701	10.7792037251087	10.3662927066918	10.6567389543512	11.2410660319901	11.3483583894526	11.0642067182903	11.3890864183536	11.3306762224415	11.2123828563948	0.484386911492174	0.00191477350618617	1.79590341756864	-1.04576821206083	Blackrice	2-hydroxyphenylacetic acid
4-Hydroxy-3-methylbenzoic acid	10.2140822641211	10.6142867534155	10.5373689577701	10.7792037251087	10.3662927066918	10.6567389543512	11.2410660319901	11.3483583894526	11.0642067182903	11.3890864183536	11.3306762224415	11.2123828563948	0.484386911492174	0.00191477350618617	1.79590341756864	-1.04576821206083	Blackrice	4-Hydroxy-3-methylbenzoic acid
L-Cystine	12.0243327415434	11.8227060646218	12.0675935486068	11.7666322490623	11.1962943484926	11.8148267157962	12.6944123501883	12.8656956578515	12.4217801857145	12.5082902510323	11.961973502787	12.5690958947209	0.485890396331434	0.0225287722051748	1.53282587592505	-1.04129717715111	Blackrice	L-Cystine
Carnitine C16:2	11.8030431696103	11.2871402544196	11.3509554711326	11.9171223225219	11.4111838150894	11.4125988725007	12.7111933342559	12.1408294607088	12.0524681785848	11.937536320624	12.4614013170006	12.0033403732559	0.497414248264899	0.0203419440952205	1.55309677784716	-1.00748026122337	Blackrice	Carnitine C16:2
N-(2-formylphenyl)formamide	15.3062219449454	15.6580480702524	15.1455511320342	15.7329799934054	15.4736226691774	15.9836347006003	16.2221637741366	16.6104567544555	16.0222235755602	16.1050012608106	15.95474214471	16.5946178232632	0.497508583534626	0.0214745641869156	1.55272603240063	-1.00720667814362	Blackrice	N-(2-formylphenyl)formamide
7,8-Dihydroxy-3-(4-hydroxyphenyl)benzopyran-4-one	11.0195797228507	10.877509113456	10.9670365670592	11.0455135037298	10.9065204649698	11.3944210367603	11.9524206355184	11.2852314865234	11.4726530864667	12.2838248213219	11.510647529444	11.4446978946371	0.510620898297365	0.0486424915260531	1.47493689666566	-0.969675510426726	Blackrice	7,8-Dihydroxy-3-(4-hydroxyphenyl)benzopyran-4-one
Malonic acid	15.258812413328	14.7062223872591	14.988753910664	15.3479957351558	14.9943813728616	15.0779505537736	16.1554064153586	15.8086833310799	15.9415954323286	15.5301075339661	15.3430073603989	15.5122074297536	0.511012922012241	0.0218020323162217	1.56082356820119	-0.968568321753294	Blackrice	Malonic acid
L-kynurenine	12.5890258307732	12.7329445745577	12.9274217759421	12.9756557583159	12.322156276683	12.8957036355312	13.3649582469404	13.3607876985549	13.464144977094	13.4731975938544	13.2073252070727	13.6600038080394	0.513567325907452	0.00640146911290978	1.69502532458686	-0.96137467640452	Blackrice	L-kynurenine
Stachydrine	12.7993243443381	12.9749457411145	12.532622142414	12.5278586866949	12.7411121315966	12.4483491128752	13.109686808138	13.2037733156536	13.8902213144784	13.5144943583914	13.107598136156	12.8988574186785	0.518627888747728	0.0415251585337187	1.47407927822141	-0.947228306983418	Blackrice	Stachydrine
LPC(0:0/15:0)	14.52427256657	14.6987133523303	14.3875845720685	15.0176352196262	14.5320429299827	14.6564674238145	15.1351571355492	15.1959214818096	15.2387805697388	15.3446954989043	15.5437566241749	15.0978716721713	0.541031436817122	0.00530470158003975	1.68558794093871	-0.886215670109782	Blackrice	LPC(0:0/15:0)
LPC(15:0/0:0)	14.52427256657	14.6987133523303	14.3875845720685	15.0176352196262	14.5320429299827	14.6564674238145	15.1351571355492	15.1959214818096	15.2387805697388	15.3446954989043	15.5437566241749	15.0978716721713	0.541031436817122	0.00530470158003975	1.68558794093871	-0.886215670109782	Blackrice	LPC(15:0/0:0)
Pregnanetriol	13.7351474486593	14.0496250138226	14.1137404060309	13.844448977517	13.5676187906482	13.7804777618797	14.2990574012186	14.3891764659294	14.7375009622017	14.361412281674	14.5886425446753	14.2430052758536	0.556534120865191	0.00640479155910045	1.65236057592571	-0.845457953602323	Blackrice	Pregnanetriol
LPE(0:0/18:2)	12.6086360337182	13.0478164384572	13.1118740922974	12.9342171653129	12.5836106294758	12.9058260021788	13.4090724293251	13.4550648374322	13.4907754480145	13.5876363647875	13.5733051241097	13.1920408716836	0.56304021078563	0.00712156110670535	1.67540877710216	-0.828690135584622	Blackrice	LPE(0:0/18:2)
Kynurenic Acid	11.5966829145923	11.47148310942	11.896021889073	12.2214026709317	11.6882306629194	12.1854831624041	12.1305722594179	12.3206544823683	12.5444493959845	12.393329522737	12.20762629599	12.8815043740076	0.570279680143174	0.0453565474790172	1.42196155984195	-0.810258466491404	Blackrice	Kynurenic Acid
LPE(0:0/20:2)	12.0985366541289	12.754958424551	11.9320838093256	12.2945351891513	12.3513642900132	12.3735982437441	12.7999294462131	12.6526810091887	12.9124268945463	12.717472540371	13.385460621638	12.6463415129356	0.574458715327546	0.0428053921512743	1.42346452908195	-0.799724880575429	Blackrice	LPE(0:0/20:2)
LPE(20:2/0:0)	12.0985366541289	12.754958424551	11.9320838093256	12.2945351891513	12.3513642900132	12.3735982437441	12.7999294462131	12.6526810091887	12.9124268945463	12.717472540371	13.385460621638	12.6463415129356	0.574458715327546	0.0428053921512743	1.42346452908195	-0.799724880575429	Blackrice	LPE(20:2/0:0)
His-Lys-Ser-Glu	14.1290711283469	14.0610467044164	14.0062379639094	14.3223216091064	14.0196804814353	14.3094869792063	14.6513304080114	14.785959683626	14.8045272627567	14.6387404167261	14.8375552628817	14.4046027591718	0.578331159959447	0.00251461036006378	1.73864696435695	-0.790032259568834	Blackrice	His-Lys-Ser-Glu
Creosol	12.9587658179237	12.648854832953	12.7860166721837	12.8962656723717	13.1390639044334	13.1673055834794	13.6795030647313	13.2995546444042	13.3526621926526	13.5546369033457	13.0021458933065	13.7339572504674	0.595879311256592	0.0364669803988785	1.492963010961	-0.746907936487097	Blackrice	Creosol
Carnitine C8:0	12.2834919899626	12.0437226858738	12.0251570329333	12.6618684917839	12.4669213336302	12.3885217225264	13.0657454103908	12.8070010913166	12.686202574366	12.6153885046375	13.1049491399131	12.5567912078461	0.611589044004317	0.0364639577866546	1.46417734228187	-0.709365532371467	Blackrice	Carnitine C8:0
12-Hydroxyjasmonic acid	12.1294741908516	12.2995215346618	12.2781528823961	12.2991284857649	12.0063453316104	12.359212389105	12.7896511362523	12.9323247878806	12.7146855107507	12.5245874435114	12.6771601515442	12.5007653649925	0.627996228491933	0.0060047941883978	1.67979365259857	-0.671172200025753	Blackrice	12-Hydroxyjasmonic acid
Val-Ala	14.573282974027	14.4489873243693	14.5173347203987	14.6986580629756	14.4644853057781	14.7005626706501	14.9961029842758	15.2772447032324	15.1319941860968	15.04830466381	14.7519802651303	14.8596603714818	0.635612773412377	0.013186791951759	1.65052961476837	-0.653779977196646	Blackrice	Val-Ala
Ethylmalonate	12.0556485890417	12.1272333665291	11.7817365745717	12.2181400175329	11.850900042512	12.2670072767005	12.7040655130685	12.4088794515646	12.450313911819	12.6435404322284	12.5099552851271	12.3011562473949	0.639803499769596	0.0152751946811647	1.58765476353761	-0.644299210770083	Blackrice	Ethylmalonate
Azelaic Acid	14.4647714820701	14.4200942611042	14.4860422973937	14.6851711527499	14.3505050618797	14.5921620088401	14.9079538444064	15.1054741737299	15.0567629330296	14.9841789780359	14.6781434767048	14.7976691365311	0.65284548637824	0.00800654734757314	1.65630638963224	-0.615186515693528	Blackrice	Azelaic Acid
Multifidol	12.9236385345868	12.8988796164754	12.9314457828738	13.178178125029	12.8177478727606	13.0667812240481	13.3324849794061	13.5887101954084	13.4794234812595	13.5296537126382	13.1774981553069	13.1970812482178	0.657001329788088	0.0133504023597349	1.61070986710938	-0.606031804283838	Blackrice	Multifidol
Linoleylethanolamide	9.89684413381683	9.83852378472734	9.87910973954116	10.0948162562512	10.1396471496036	9.95944237154077	10.29626318978	10.1945166891889	10.5553707354381	10.3456954791071	10.6272119478901	10.1941121290734	0.664471260653104	0.0187714785401025	1.59107477779058	-0.589721292691978	Blackrice	Linoleylethanolamide
DL-3,4-Dihydroxyphenyl glycol	9.96238979072465	9.90970148699345	10.1150560680506	10.2210311699905	9.93128455712126	10.332215872616	10.5150486549763	10.5476793720324	10.641608108538	10.4921658833971	10.3842230298813	10.3357501627411	0.670378487502702	0.013186791951759	1.63821391017957	-0.576952241302271	Blackrice	DL-3,4-Dihydroxyphenyl glycol
Aniline	11.6004053881749	11.6721861709179	11.9094724458664	11.6903789301437	11.649218536023	11.744315671756	12.0382311237834	11.9894326768761	12.1280574918125	12.0532035777539	12.1563763930867	12.2679802364602	0.674517037427363	0.00191949406975381	1.75782783705209	-0.568073210644085	Blackrice	Aniline
Pantothenate	14.6927171489587	14.6655757469061	14.2651228792003	14.6224930120116	14.3268342564704	14.7157773312131	14.8697442752618	14.9674796193833	14.9636121733149	15.2742685799738	14.9261668044503	14.6174423764286	0.676181328427405	0.0497681910909257	1.39849328159226	-0.564517915623093	Blackrice	Pantothenate
1-Heptadecanoyl-sn-glycero-3-phosphoethanolamine	12.3600225583479	12.4953917123752	12.5821944902666	12.4952281526937	12.0883378083372	12.5593089909595	12.7833252697898	12.7808688308315	12.9242895699966	12.9468576198691	12.8038379137131	12.5849855848278	0.692440453065547	0.024850089263933	1.52694939713128	-0.530238084029931	Blackrice	1-Heptadecanoyl-sn-glycero-3-phosphoethanolamine
Carnitine C5:0	14.6609268130992	14.428747300811	14.6317169802706	14.4874709558368	14.1755973733445	14.4821240783578	14.9338473359085	14.6769157552856	14.9838059448358	14.8074903924035	14.5398841582563	15.03773470314	0.701081282043985	0.0478491559033386	1.40255768912111	-0.512346377607591	Blackrice	Carnitine C5:0
Carnitine-2-methyl-C4	14.6609268130992	14.428747300811	14.6317169802706	14.4874709558368	14.1755973733445	14.4821240783578	14.9338473359085	14.6769157552856	14.9838059448358	14.8074903924035	14.5398841582563	15.03773470314	0.701081282043985	0.0478491559033386	1.40255768912111	-0.512346377607591	Blackrice	Carnitine-2-methyl-C4
6-Deoxyfagomine	16.8508857507223	16.5828051604246	16.5410596360738	16.5616621511418	16.2403013844967	16.5927174767744	16.8851174088661	16.9698764197938	17.0211111325278	17.0770535850135	16.7935471091882	16.7290110618041	0.709597280471987	0.0371972439504758	1.46323949709118	-0.494927614359287	Blackrice	6-Deoxyfagomine
D-Sedoheptuiose 7-Phosphate	12.0423359430831	11.8010802044473	12.0435666353607	11.9098162040155	11.9876848420739	12.2047766560985	12.2966713181407	12.5763500352047	12.2404645765502	12.3394726597749	12.1658382059699	12.2428023543799	0.731110118433854	0.0270967847591743	1.53980135740431	-0.451839376324311	Blackrice	D-Sedoheptuiose 7-Phosphate
Isocitric<U+00A0>acid	14.1167947736447	14.1007047361721	14.0081401539034	13.8711902906495	13.8845632735272	13.6327926267844	14.2159633922556	14.1557235229006	14.1577564697985	14.5070848536892	14.1762310025194	14.2632473983349	0.737037052462112	0.0483786600012398	1.4102919464951	-0.440190946313749	Blackrice	Isocitric<U+00A0>acid
Subericacid	13.3439059880566	13.2725970322101	13.176838765258	13.5263253685313	13.266549027523	13.3971922347555	13.5689788142212	13.7304383207182	13.7280128153362	13.7316432252109	13.4212021853837	13.5715073103483	0.744513078291414	0.0215167200178733	1.53880444972785	-0.425630903137816	Blackrice	Subericacid
N-(2-Phenylethyl)indomethacin Amide	13.4308678293811	13.6528003591169	13.6038207155273	13.5991429889918	13.6909658403992	13.6288419016899	13.7788027708699	13.8584891514324	14.0056007324215	13.8916104840028	13.6153161637194	13.8816510162526	0.785638875634672	0.0371972439504758	1.47860425446675	-0.348061774835455	Blackrice	N-(2-Phenylethyl)indomethacin Amide
Val-Thr	15.868139084266	16.0334338984198	15.8720208431175	15.7872182229863	16.0322764514426	15.9772127526267	16.1631271831694	16.1299568005785	16.0245056785285	15.992614981038	16.1639470115478	16.1595951512797	0.83908329717608	0.0453565474790172	1.45527716933947	-0.253114058408443	Blackrice	Val-Thr
3-Indolebutyric Acid	15.8951051093125	15.9573256332224	16.0611835991923	16.0295010965681	15.9187991055416	15.929867392498	16.0222565212547	16.0965125655408	16.0570140501804	16.097997194533	16.1053975906508	16.1730724185711	0.881618554703864	0.0343866819444222	1.47435377928312	-0.181773507437505	Blackrice	3-Indolebutyric Acid
5-Carboxyvanillic Acid	10.9388844123939	10.9776014563754	10.9722505801386	10.8171786119883	10.8693456877844	10.8672952425873	10.6895783819191	10.7849987710252	10.6918435714019	10.5863245650043	10.7210880705213	10.572972238939	1.26069155334505	0.00556348242010433	1.68876364855793	0.334215342365388	Control	5-Carboxyvanillic Acid
Thr-Tyr	10.895751284261	11.0260350641206	11.0926138210928	11.1369578262034	10.9506240798197	10.9491722422436	10.7341343890822	10.5565720257652	10.7534096461094	10.9791502247881	10.7991238548776	10.6642224442408	1.29168317553339	0.034593232896548	1.51777654023306	0.369252248717032	Control	Thr-Tyr
Succinic anhydride	16.5733190151186	16.7659484853008	16.5093453519058	16.491337160908	16.9650004609685	16.6024169840708	16.1817638040605	16.2932877031253	16.4974260862569	16.2246856941373	16.2218361591123	16.5174884377846	1.39609610797806	0.0439485255065219	1.42666464971649	0.481398260838901	Control	Succinic anhydride
Hypotaurocyamine	11.5922108601088	11.6028353036917	11.4797594891406	11.2237522879076	11.472998107955	11.4024100009229	10.917499626117	10.9516128593786	11.179316030398	11.3981360251687	11.0407541657847	11.2147758477599	1.40375746037238	0.034593232896548	1.48334758617819	0.489293689955267	Control	Hypotaurocyamine
PC(12:0/12:0)	15.0861961924974	15.1021736062676	14.9624860879372	15.3105480314806	14.8881709248199	15.0050570378709	14.483431757093	14.8122996675863	14.7787247054784	14.4780887188248	14.7308471656066	14.8490738144062	1.44551329682769	0.0218020323162217	1.57080442578364	0.53158187977943	Control	PC(12:0/12:0)
2-Hydroxy-3-Methyl Butanoic Acid	15.9435702104418	15.8965829790371	15.9968674793929	16.1642671016697	15.8197169671954	15.9419877974228	15.5086096382492	15.6180804342785	15.721869746655	15.4238275962536	15.6577007829504	15.5990242308644	1.45264687289146	0.0037481881570145	1.73191134366489	0.538684037695116	Control	2-Hydroxy-3-Methyl Butanoic Acid
Dl-2-Aminooctanoic Acid	11.9858177100203	11.7096877039028	11.654464330291	11.7047361654288	11.6193657663496	11.623987241709	11.3906333387274	11.2485008482841	11.3478891401961	11.2951116698636	11.4482501046039	11.2941215738198	1.46969264706391	0.00640146911290978	1.73415017279207	0.555514479606719	Control	Dl-2-Aminooctanoic Acid
Tridecanedioic acid	12.064430921472	11.9439686036518	12.2854834816149	12.2506486387319	11.9381814695868	12.1094114326415	11.8959146158579	11.7301234443488	11.5724667076728	11.7942846807268	11.5728268559065	11.7251312896445	1.47111479594336	0.00980165570739213	1.63995150862494	0.556909829241468	Control	Tridecanedioic acid
2-Hydroxy-2-Methyl Butyric acid	15.9780842657149	15.9205913877762	16.0511801485311	16.206140808829	15.9750206292919	16.0166287193437	15.6215549767301	15.6303399175394	15.7618458147913	15.4083553525043	15.6931833121801	15.5424632375406	1.51137890507221	0.00226825023342426	1.76294760937895	0.5958653917672	Control	2-Hydroxy-2-Methyl Butyric acid
Cyclo(Phe-Glu)	10.475609840859	10.7808670480201	10.5963629164073	10.5558256442217	10.3520514009308	10.5532036208594	9.98130830225765	10.0596847193083	10.4317614192092	10.3344506126017	10.0261588221746	9.76279972906532	1.54694257432753	0.0344530073930761	1.53773320289359	0.62941964199017	Control	Cyclo(Phe-Glu)
Glu-Val	12.4409107015831	12.5892218876218	12.4896207842903	12.4549020615575	12.5161246854412	12.4056647675865	11.8102752501246	11.9785772486574	12.1942116608349	11.8394539552952	11.7255081582175	12.3488043433783	1.6101335313248	0.0270967847591743	1.64524684018762	0.687180338645274	Control	Glu-Val
Leu-Ser-Gln-Pro-Lys	15.0497119417343	15.1905492477622	14.8195732774571	15.4621593567406	14.8482109497793	15.1213420640986	14.5213079027333	14.6982429580147	14.6748171778423	14.4218470232189	14.7890859322223	14.5982180042103	1.6187363462476	0.0270967847591743	1.58446336214605	0.694868023975131	Control	Leu-Ser-Gln-Pro-Lys
L-Glutamic Acid	13.9798925113548	14.0895859449077	13.8201120876689	14.2701197885436	14.0281129887675	13.7547863386132	13.0836613749454	13.2947419777646	13.5860566432464	13.8614083203125	13.4105898699326	13.6218063556408	1.64523862814402	0.0343866819444222	1.52512828159616	0.718296850022655	Control	L-Glutamic Acid
L-threo-3-Methylaspartate	13.9798925113548	14.0895859449077	13.8201120876689	14.2701197885436	14.0281129887675	13.7547863386132	13.0836613749454	13.2947419777646	13.5860566432464	13.8614083203125	13.4105898699326	13.6218063556408	1.64523862814402	0.0343866819444222	1.52512828159616	0.718296850022655	Control	L-threo-3-Methylaspartate
LPC(0:0/20:3)	15.0149998167044	15.3186757614854	15.1619357871128	15.5136690461918	14.8820615943596	15.4832764828134	14.6722755507292	14.871146313663	14.8180712941125	14.5922607874236	14.7627685300567	14.5019012668884	1.72364758911054	0.022519370263409	1.60592564991128	0.7854648362518	Control	LPC(0:0/20:3)
LPC(20:3/0:0)	15.0149998167044	15.3186757614854	15.1619357871128	15.5136690461918	14.8820615943596	15.4832764828134	14.6722755507292	14.871146313663	14.8180712941125	14.5922607874236	14.7627685300567	14.5019012668884	1.72364758911054	0.022519370263409	1.60592564991128	0.7854648362518	Control	LPC(20:3/0:0)
4-Methylhippuric Acid	11.3411408084293	11.1369423511054	11.6408999799589	11.7398147307289	11.5682048466456	11.4637148789759	11.0126213724228	11.1297850475515	10.9181053653339	10.9444031220922	10.8233076542508	10.8378447149967	1.73511910006157	0.0108798394609329	1.67641784954214	0.795034694025984	Control	4-Methylhippuric Acid
Benzylamine	11.3411408084293	11.1369423511054	11.6408999799589	11.7398147307289	11.5682048466456	11.4637148789759	11.0126213724228	11.1297850475515	10.9181053653339	10.9444031220922	10.8233076542508	10.8378447149967	1.73511910006157	0.0108798394609329	1.67641784954214	0.795034694025984	Control	Benzylamine
N,N-Dimethylarginine	12.6450559643483	12.5444758213307	12.500145063536	12.3497046512793	12.3381385211841	12.5770972529626	11.996361253123	11.5037009094804	12.2633345737068	11.827113903922	12.0931476612849	11.7773477126445	1.75012870570285	0.019342732869957	1.64327914975325	0.807461022772709	Control	N,N-Dimethylarginine
2'-Deoxyuridine	11.7241904542839	11.7868542792059	11.6972228734829	11.4007175181851	11.4287631834508	11.4253970828656	11.1566954524634	11.0546454466146	10.6396193703778	10.7692289359632	11.1938694378454	11.0312876264074	1.81561222199092	0.00689008065045742	1.67235561224734	0.860456105079531	Control	2'-Deoxyuridine
3-Dehydrosphinganine	13.5507548024703	13.6997054593875	13.4514685603739	13.9203471687079	13.3547578178709	13.2000240592903	13.0322362240026	12.8294990962071	13.0508763980001	12.9650458762876	12.7105594227916	13.013262924893	1.85219266000868	0.0134726291353438	1.68555203536943	0.889234171591033	Control	3-Dehydrosphinganine
Sphingosine	13.5507548024703	13.6997054593875	13.4514685603739	13.9203471687079	13.3547578178709	13.2000240592903	13.0322362240026	12.8294990962071	13.0508763980001	12.9650458762876	12.7105594227916	13.013262924893	1.85219266000868	0.0134726291353438	1.68555203536943	0.889234171591033	Control	Sphingosine
Cyclo(his-pro)	12.6576280472287	12.3918217623566	12.1542750898137	12.0350109289364	12.6984298768786	12.5364328567202	11.2667456083717	11.3171770095393	11.9483613810488	11.691567477202	11.8097223990709	12.2473509207386	1.95364005830468	0.0347348085184659	1.47527732122959	0.966164687402022	Control	Cyclo(his-pro)
Cyclo(Phe-Pro)	11.838018879795	11.7011238485067	11.9212182108732	12.0204110291423	11.6090747925915	12.2033128397672	11.0770876992401	11.0626708891935	11.3116751704841	11.2495355650084	11.2668716129912	11.3644909105421	1.96090372592769	0.00377259904352001	1.76139001936111	0.971518705577864	Control	Cyclo(Phe-Pro)
Cyclo(Pro-Phe)	11.838018879795	11.7011238485067	11.9212182108732	12.0204110291423	11.6090747925915	12.2033128397672	11.0770876992401	11.0626708891935	11.3116751704841	11.2495355650084	11.2668716129912	11.3644909105421	1.96090372592769	0.00377259904352001	1.76139001936111	0.971518705577864	Control	Cyclo(Pro-Phe)
Carnitine<U+00A0>C9:1-OH	12.6142623415754	11.8526880154242	12.3577167042632	12.2993612651762	11.8759099030217	12.1727147191669	11.8260248748968	11.0874755772762	11.4269961064238	11.5834907961608	11.5833388232213	11.3165796653488	2.08376036712827	0.0133504023597349	1.61167378518201	1.05918937692847	Control	Carnitine<U+00A0>C9:1-OH
Glu-Val-Phe	10.1401473982003	10.9750398756897	10.1306471335966	10.906311537617	10.6189901509637	10.5509123905211	9.84783755622692	9.67807381316891	9.6869386716291	10.3269422335856	9.65078001661695	9.71189856909284	2.13492871510464	0.024850089263933	1.55599691901683	1.09418789931558	Control	Glu-Val-Phe
D-Fructose 6-Phosphate-Disodium Salt	13.0674435255256	13.1493691788507	12.8129143369939	13.7019336546057	13.5450085377781	13.3717116794808	12.4027743514179	12.3629974737043	12.7685752705388	11.9812134076421	12.1494847647876	12.8351523675851	2.35197188112471	0.0134726291353438	1.60162618761846	1.23387081221321	Control	D-Fructose 6-Phosphate-Disodium Salt
D-Glucose 6-Phosphate	13.0674435255256	13.1493691788507	12.8129143369939	13.7019336546057	13.5450085377781	13.3717116794808	12.4027743514179	12.3629974737043	12.7685752705388	11.9812134076421	12.1494847647876	12.8351523675851	2.35197188112471	0.0134726291353438	1.60162618761846	1.23387081221321	Control	D-Glucose 6-Phosphate
D-Mannose 6-phosphate	13.0674435255256	13.1493691788507	12.8129143369939	13.7019336546057	13.5450085377781	13.3717116794808	12.4027743514179	12.3629974737043	12.7685752705388	11.9812134076421	12.1494847647876	12.8351523675851	2.35197188112471	0.0134726291353438	1.60162618761846	1.23387081221321	Control	D-Mannose 6-phosphate
L-2-Aminoadipate	11.7878054599069	11.7377422572357	11.7027413680326	11.5540907631151	11.5515551939114	12.331001524723	10.7244571484459	11.2666795788003	11.1556881243447	10.6507760353065	11.0339414205542	10.545910294774	2.41980554163545	0.00619905791851398	1.66195697319807	1.2748911155204	Control	L-2-Aminoadipate
Glu-Ile	10.792535058665	10.2798280038313	10.1257523926967	11.2174833694037	10.7259025468216	10.3651199950272	10.047785068845	9.26312485868361	9.34168470986407	10.3206270032147	9.09044871154485	8.68588892369981	2.82130286964563	0.034593232896548	1.50166628860071	1.49636154897259	Control	Glu-Ile
Ile-Glu	10.792535058665	10.2798280038313	10.1257523926967	11.2174833694037	10.7259025468216	10.3651199950272	10.047785068845	9.26312485868361	9.34168470986407	10.3206270032147	9.09044871154485	8.68588892369981	2.82130286964563	0.034593232896548	1.50166628860071	1.49636154897259	Control	Ile-Glu
Leu-Glu	10.792535058665	10.2798280038313	10.1257523926967	11.2174833694037	10.7259025468216	10.3651199950272	10.047785068845	9.26312485868361	9.34168470986407	10.3206270032147	9.09044871154485	8.68588892369981	2.82130286964563	0.034593232896548	1.50166628860071	1.49636154897259	Control	Leu-Glu
Candesartan cilexetil	10.7630670129402	10.6692808100945	10.9021257961351	10.9556804816303	10.1575720623184	10.4875553019475	9.35850405459148	9.75953723723501	9.80558128977266	9.5161871008349	9.73713508795275	9.51746676047951	2.89048016932414	0.00195240853511293	1.81313749261714	1.53130917451156	Control	Candesartan cilexetil
1-Palmitoyl-2-glutaryl-sn-glycero-3-phosphocholine	11.5814345255729	11.905153732711	11.3804111853109	12.2112291220246	11.0443412020274	11.8472307790812	10.9129490303481	10.4783522629931	10.5816582709024	10.7166265569162	10.5240338306651	10.5996253482454	2.95761054706927	0.013186791951759	1.72760388393911	1.5644320934097	Control	1-Palmitoyl-2-glutaryl-sn-glycero-3-phosphocholine
TXB2	10.808089137348	10.332969049525	10.0384669550381	9.99558183825537	10.3638745548933	9.54809579353478	9.23690957486416	8.6315690368311	9.76015997588578	8.5551537393563	8.96414600853559	9.19208709216708	3.04617451653126	0.0134726291353438	1.60451603706887	1.6069985967569	Control	TXB2
Leu-Val	11.7412922346981	11.8886644528333	11.7031115914704	12.3317516268873	11.7930074797593	12.1246488150872	10.856676602506	11.1649554047844	11.0669612086588	10.5403232922673	10.6765355564737	10.1560072311554	3.18918913758707	0.0029263059487109	1.76289634368122	1.67318966038961	Control	Leu-Val
1-Oleoylglycerone 3-phosphate	13.1114872930376	12.8943541893046	13.6418595509975	13.0785884175872	12.4948735423645	12.8464702665999	12.0098564895255	11.7933100212025	11.7777827607895	11.7185952961774	12.051189521281	11.9006479108366	3.29081078719106	0.00619905791851398	1.78586718699948	1.71844307774494	Control	1-Oleoylglycerone 3-phosphate
GalactinolHydrate	10.2279960879121	11.4106969234459	12.1250759431567	10.6450184484859	10.7777412689259	11.2987369245901	9.51320707147947	10.5644142336944	9.90305246189792	10.3001018182421	9.43372541332933	9.29116697386281	3.77410528543419	0.0364669803988785	1.46528524721544	1.91613467006477	Control	GalactinolHydrate
[(2R)-2-octanoyloxy-3-phosphonooxypropyl] decanoate	13.5699685482151	13.3416316631672	14.1113964709534	13.4637960782688	12.8393734749519	13.3688125518641	12.4645032513742	12.0330478747884	12.0978411503295	12.0636625726755	12.1499635252245	12.1907434987129	3.83230855573171	0.00530470158003975	1.79443186056394	1.93821372336609	Control	[(2R)-2-octanoyloxy-3-phosphonooxypropyl] decanoate
(¡À)5-HETE	10.396595355422	10.3032805003153	10.7525691338611	10.3996649645808	9.58387708803442	10.4948963457153	8.76465118118785	9.03716018029697	9.27536020726351	8.85180747868942	8.93892730530642	8.26345921447251	4.38559247053929	0.00156309389956561	1.78529372745614	2.13277175636896	Control	(¡À)5-HETE
(¡À)9-HETE	10.396595355422	10.3032805003153	10.7525691338611	10.3996649645808	9.58387708803442	10.4948963457153	8.76465118118785	9.03716018029697	9.27536020726351	8.85180747868942	8.93892730530642	8.26345921447251	4.38559247053929	0.00156309389956561	1.78529372745614	2.13277175636896	Control	(¡À)9-HETE
Leu-Ala	11.1596295491091	11.3781506302204	10.9155340498357	11.4533803692932	11.7232599825591	10.8258624465027	8.76507926221204	9.99568288555632	10.3700915329564	9.77703441159238	8.10771935980185	10.06365943605	4.59260865222762	0.0286786018243005	1.60091714842303	2.19931385311142	Control	Leu-Ala
Leu-His-Gly-Phe-His	11.1413498347299	11.3046018708374	10.9145371029702	11.4154099816406	10.0760054177207	10.7542456110271	8.74055948992045	9.79643860338748	9.85465744516898	8.75089533433771	9.43566324125098	9.74216901287035	4.63092155178203	0.00564627627706021	1.70220377931565	2.21129931786786	Control	Leu-His-Gly-Phe-His
Gln-Ala-Gln-Ile-Glu	15.337639060565	15.3297808159168	15.4745408673597	15.4800148120027	14.7552783651333	15.5673445147397	13.8277264492092	13.9081077400069	13.6899641557091	13.7842582892855	14.1345478009884	13.4443928178659	4.64460965987766	0.000180655155827334	1.86947489684126	2.21555735539765	Control	Gln-Ala-Gln-Ile-Glu
Ganoderic acid H	12.0324271565759	13.1571097490658	13.2676980031484	13.14867059645	11.5950115100688	11.7522229142722	10.6070230046729	10.538380041151	10.9211347537832	10.0077939758838	9.45478397476952	12.4276549118731	4.81492056890879	0.04024571645959	1.47688618663481	2.26751199832074	Control	Ganoderic acid H
Dihydrogambogic acid	10.7903410394923	11.3430888818097	10.7102968935976	11.376333819803	10.1827171652592	11.1088839568626	9.51576029595278	9.3520939280324	9.17272487800894	9.33713336247738	9.69832257317057	9.28945637285112	4.89410247870426	0.00356933699432191	1.82167346017124	2.29104431064708	Control	Dihydrogambogic acid
Ile-Met	11.5610785719761	11.3034978278472	10.6016440621807	11.4849984358245	10.9143939006976	11.1332452180975	9.54643205548196	9.827186673565	9.96141673031678	9.49341284980225	9.15189918012822	9.58100680335368	4.91563317150481	0.000491796364506777	1.83728729196745	2.29737725879501	Control	Ile-Met
17-phenyl trinor PGF2 diethyl amide	11.7813447193926	12.6334064839618	13.1063198338634	12.9575016209235	11.236877870472	11.328535700268	9.9757254399924	10.2903742667485	9.77561848948022	10.3398652923234	9.4998597687634	12.1626222325551	4.96986026860467	0.0364669803988785	1.48452585435279	2.31320528989118	Control	17-phenyl trinor PGF2 diethyl amide
Beflubutamid	12.9447226008063	14.6943511824452	14.3822825766052	14.9100726757522	13.0263442243779	13.2444811162898	12.0972167509245	11.8528098528622	12.4476862547034	11.9582287282674	11.3741016832997	13.6482636613413	5.16721304249899	0.0451803574366335	1.45883403564094	2.36938636683237	Control	Beflubutamid
Janthitrem G	12.1795716963719	12.0836754993443	11.5497244143656	12.572689984053	11.4746259992182	11.9418919033656	10.3327266569644	10.6837171754355	10.4677212418191	10.3660463671685	9.89994904088156	9.82952396641978	5.63928652947722	0.0006690839977683	1.82613805322515	2.4955126474652	Control	Janthitrem G
ST-638	11.931213537662	13.3246073688598	13.2861977524841	13.692957177396	11.8555282697691	11.7692447298033	11.1834881115107	9.80395036832309	11.342525527634	10.2390583429768	9.55571760615132	12.3267854771399	5.67203748141366	0.0456080177453256	1.45577891280604	2.50386706608782	Control	ST-638
Hemibrevetoxin B	13.1931880701618	14.5573283960292	14.6633997387728	14.9362149641165	12.9709095742671	13.069028079968	11.9154920276848	11.8430761670143	12.087752477394	11.563955739171	11.0675917750432	13.676837317583	5.9368685751252	0.034593232896548	1.49775998161543	2.56970217641907	Control	Hemibrevetoxin B
13,14-dihydro-15-keto Prostaglandin D1	12.2141906923401	13.8233749593329	13.847049776527	14.1386656660887	12.2896221705105	12.3582957326008	11.3854139610872	10.7431990053377	11.5522875114047	10.2502326853782	9.98257380926394	12.8519037106519	6.08144275560355	0.0387436415416952	1.47661692703253	2.60441362785202	Control	13,14-dihydro-15-keto Prostaglandin D1
Ile-Trp	10.7998086362589	11.4633143799274	10.75210695309	11.750266662234	11.1449084314542	11.6891247329083	9.07656571410793	8.83426560036661	9.95704484539395	9.72243913096149	9.05800204699129	9.93839209904428	6.12094218637459	0.00165380255515519	1.78238182953876	2.61375374164152	Control	Ile-Trp
Cholic acid	14.8052990633731	15.9876107480394	16.0383723897063	16.4398859049614	14.3914946316098	14.6544817096188	13.481736565127	13.3088203261658	13.7166739492721	13.0977303396293	12.6264043901928	14.8754875304209	6.53709401523032	0.0244419369511743	1.55580292140153	2.70864944588711	Control	Cholic acid
Gamma-Mercholic Acid	14.8052990633731	15.9876107480394	16.0383723897063	16.4398859049614	14.3914946316098	14.6544817096188	13.481736565127	13.3088203261658	13.7166739492721	13.0977303396293	12.6264043901928	14.8754875304209	6.53709401523032	0.0244419369511743	1.55580292140153	2.70864944588711	Control	Gamma-Mercholic Acid
alpha-Muricholic acid	14.8052990633731	15.9876107480394	16.0383723897063	16.4398859049614	14.3914946316098	14.6544817096188	13.481736565127	13.3088203261658	13.7166739492721	13.0977303396293	12.6264043901928	14.8754875304209	6.53709401523032	0.0244419369511743	1.55580292140153	2.70864944588711	Control	alpha-Muricholic acid
beta-Muricholic acid	14.8052990633731	15.9876107480394	16.0383723897063	16.4398859049614	14.3914946316098	14.6544817096188	13.481736565127	13.3088203261658	13.7166739492721	13.0977303396293	12.6264043901928	14.8754875304209	6.53709401523032	0.0244419369511743	1.55580292140153	2.70864944588711	Control	beta-Muricholic acid
15-keto-Prostaglandin-E1	10.7744565985295	11.7959594693708	11.939380050691	12.9660527552469	10.508654593189	10.9608631028772	9.84940797110613	9.80156104945763	9.95047335315362	10.0074730738724	8.95787859010824	10.2802246815536	7.30745874066636	0.034593232896548	1.56762500368395	2.86936977831746	Control	15-keto-Prostaglandin-E1
8-isoProstaglandin E2	10.7744565985295	11.7959594693708	11.939380050691	12.9660527552469	10.508654593189	10.9608631028772	9.84940797110613	9.80156104945763	9.95047335315362	10.0074730738724	8.95787859010824	10.2802246815536	7.30745874066636	0.034593232896548	1.56762500368395	2.86936977831746	Control	8-isoProstaglandin E2
Leu-Trp	10.4823306698226	11.4476193865092	10.9653039344037	11.799207014147	11.3496962486903	11.6619834329262	9.44657347608175	9.08616500543705	9.38870283020531	9.33620196448691	9.13211893565565	9.1968557953576	8.15895250402472	0.00195240853511293	1.86362440922809	3.02838394211658	Control	Leu-Trp
Phe-Pro	13.3288420523802	12.7756615301134	12.8680530910472	14.4501362551858	12.9146337688004	14.4744314868978	11.4465842844982	11.7311503377943	11.7846800207867	11.7927704800052	11.4482968869777	11.3003519665507	8.50688588314816	0.0174756715621686	1.70741692525085	3.08863110098714	Control	Phe-Pro
Thr-Val-Leu	12.814320838525	13.1933821463079	12.4055195790465	12.6297834417557	13.1846908564889	12.4167290863849	10.2182096187367	10.5362252588994	10.7760867021837	10.5990489632458	9.58508227349377	10.3020591190235	11.314948902021	0.00010285912980895	1.87713665381626	3.50015816433818	Control	Thr-Val-Leu
7-ketodeoxycholic acid	9.75839932362219	10.7042029684214	11.2500086040995	11.7827481209731	9.78888291522848	10.252945246973	8.75663023573993	7.70478715606438	7.79541029443991	8.71674935088656	7.34474891933678	8.97357391177236	11.9027844668564	0.00530470158003975	1.71067871207534	3.57322720343034	Control	7-ketodeoxycholic acid
N-arachidene glycine	8.89321677649738	8.55025555193617	8.9241820885014	8.56597707651834	8.44551823750254	8.72353376032416	6.21660610108486	6.21660610108486	6.21660610108486	6.21660610108486	6.21660610108486	6.21660610108486	12.001970787	9.15333617733709e-05	1.94368369845617	3.58519941831956	Control	N-arachidene glycine
Val-Trp	12.5865230990147	12.3142428917954	12.8962097483482	12.6530063649769	11.7765261232493	12.257236749198	9.92811988526092	9.65001960810295	10.2528149594646	9.92950149617426	9.1885924941504	10.1249085030251	13.1018930735486	7.91145652739331e-05	1.89265211967214	3.7117033746274	Control	Val-Trp
Ile-Leu	11.8136445404391	12.9156765783605	12.2800832824827	13.1987674910777	13.1317556723864	12.839398962486	10.0441142131086	10.3498982267293	9.88858113589388	10.4259591255143	9.79323561669746	10.4979443961418	13.4586694799291	0.00046697801776789	1.86537522345065	3.75046388748141	Control	Ile-Leu
Leu-Leu	11.8136445404391	12.9156765783605	12.2800832824827	13.1987674910777	13.1317556723864	12.839398962486	10.0441142131086	10.3498982267293	9.88858113589388	10.4259591255143	9.79323561669746	10.4979443961418	13.4586694799291	0.00046697801776789	1.86537522345065	3.75046388748141	Control	Leu-Leu
Ile-Ile	11.9942909265756	13.0360972173625	12.5885681341924	13.1670091368087	13.3843402423808	12.8950216661355	10.0039724919651	10.2147249367065	10.4165636524799	10.1236034358858	9.62768963230832	10.8546671926756	14.2221930096463	0.000177453970695201	1.86516257943308	3.83007203524569	Control	Ile-Ile
N-Arachidonoyl-L-Alanine	9.23934530241245	8.9471153297658	9.36508717408724	9.05498294734187	8.30918517136991	9.09265203896036	6.21660610108486	6.21660610108486	6.21660610108486	6.21660610108486	6.21660610108486	6.21660610108486	17.053144667	0.00046697801776789	1.93034526412015	4.09196589731329	Control	N-Arachidonoyl-L-Alanine
Tyr-Lys-Lys	9.60194418061383	8.08023416543742	9.47698224441949	9.2958791485552	9.28602081386537	9.13378759643231	6.21660610108486	6.21660610108486	6.21660610108486	6.21660610108486	6.21660610108486	6.21660610108486	20.6718296826667	0.00156309389956561	1.89459823232103	4.36959418356781	Control	Tyr-Lys-Lys
His-Pro	9.84848824039298	8.16631159245777	8.41544172020456	9.37360894037449	9.24922953902028	9.5901380992117	6.21660610108486	6.21660610108486	6.21660610108486	6.21660610108486	6.21660610108486	6.21660610108486	21.2500969766667	0.00298704898333942	1.86670043751434	4.40939752001708	Control	His-Pro
Carnitine C20:2	9.87241036341845	10.4128937885477	9.01897442459003	9.8486897080646	10.3542426899743	10.0560601911968	6.21660610108486	6.21660610108486	6.21660610108486	6.21660610108486	6.21660610108486	6.21660610108486	44.8487940113333	0.00046697801776789	1.9243566579512	5.486997286336	Control	Carnitine C20:2
Glycitein	9.05195657994177	10.3673863875748	9.82155379712504	11.1426433143365	10.4125023435337	10.4351869790967	6.21660610108486	6.21660610108486	6.21660610108486	6.21660610108486	6.21660610108486	6.21660610108486	65.0415119836667	0.00132492030517725	1.91003499941223	6.02328889021518	Control	Glycitein
