clade_name	WT_M_14w	WT_M_14w	WT_M_22w	WT_M_22w	WT_M_14w	WT_M_14w	WT_M_14w	WT_M_14w	WT_M_14w	WT_M_22w	WT_M_14w	WT_M_22w	WT_M_14w	WT_M_22w	WT_F_22w	WT_F_22w	WT_F_14w	WT_F_22w	WT_F_14w	WT_F_14w	WT_F_14w	WT_F_22w	WT_F_14w	WT_F_22w	WT_F_14w	WT_F_14w	WT_F_22w	WT_F_22w	WT_F_14w	W_M_22w	W_M_22w	W_M_14w	W_M_14w	W_M_14w	W_M_22w	W_M_14w	W_M_22w	W_M_14w	W_M_14w	W_M_22w	W_M_14w	W_M_22w	W_M_14w	W_M_22w	W_M_22w	W_F_14w	W_F_14w	W_F_22w	W_F_14w	W_F_22w	W_F_14w	W_F_14w	W_F_22w	W_F_14w	W_F_22w	W_F_14w	W_F_22w	W_F_22w	W_F_14w	P_M_22w	P_M_14w	P_M_22w	P_M_14w	P_M_14w	P_M_22w	P_M_14w	P_M_14w	P_M_22w	P_M_22w	P_M_22w	P_M_14w	P_M_22w	P_M_14w	P_M_22w	P_F_22w	P_F_22w	P_F_14w	P_F_22w	P_F_14w	P_F_14w	P_F_14w	P_F_22w	P_F_14w	P_F_22w	P_F_22w	P_F_14w	P_F_14w	P_F_22w	P_F_22w	C_M_22w	C_M_14w	C_M_14w	C_M_22w	C_M_22w	C_M_14w	C_M_22w	C_M_14w	C_M_14w	C_M_14w	C_M_22w	C_M_14w	C_M_22w	C_M_14w	C_M_22w	C_F_22w	C_F_14w	C_F_22w	C_F_22w	C_F_14w	C_F_14w	C_F_14w	C_F_22w	C_F_14w	C_F_14w	C_F_22w	C_F_14w	C_F_22w	B_M_22w	B_M_14w	B_M_14w	B_M_22w	B_M_14w	B_M_22w	B_M_22w	B_M_22w	B_M_14w	B_M_22w	B_M_14w	B_M_14w	B_M_22w	B_M_14w	B_M_22w	B_F_22w	B_F_14w	B_F_22w	B_F_22w	B_F_14w	B_F_14w	B_F_22w	B_F_14w	B_F_14w	B_F_22w	B_F_14w	B_F_22w	B_F_14w	B_F_22w
Bifidobacterium_animalis	0	0	0	0	0	0	0	0	0	0	0	0	0	0	0	0	0	0	0	0	0	0	0	0	0	0	0	0	0	0	0	0	0	0	0	0	0	0	0	0	0	0	0	0	0	0	0	0	0	0	0	0	0	0	0	0	0	0	0	0	0	0	0	0	0	0	0	0	0	0	0	0	0	0	0	0	0	0	0	0	0	0	0	0	0	0	0	0	0	0	0	0	0	0	0	0	0	0	0	0	0	0	0	0	0	0	0	0	0	0	0	0	0	0	0	0	0	0	0	0	0	0	0	0	0	0	3110	0	0	0	0	0	0	0	0	0	0	0	0	0	0	0	0	0	0	0
Bifidobacterium_pseudolongum	76404	80209	3010069	146763	32948	15274	242043	242043	29448	2468941	15353	134649	36703	98279	44145	139344	10659	323646	48125	23146	51058	42448	81558	71637	39251	10167	429026	136557	13045	92247	0	74020	47064	252657	138620	772730	313747	617072	54059	7124	532620	4766	705410	424414	0	123175	217116	63492	10488	3047	302225	594640	318629	1485805	45306	1330415	12849	95524	374764	17218	381861	5279	106830	26622	49168	152991	75525	756	25652	1532	143795	143709	57400	18917	316578	159810	146122	128535	398724	402361	749297	265196	245869	317584	163977	63436	131116	391578	239450	46834	87453	106495	31381	245516	80008	5892	27482	28721	7546	83407	14261	14824	4250	17757	18316	65581	7877	19702	77893	76509	39824	213169	44333	286348	19941	5430	18740	263035	0	165	230735	109718	4679	74542	203611	638088	23532	346831	161431	28650	17347	26179	82696	162511	38284	19798	0	52319	21907	76805	83565	61799	1455	11621	41391	8605
Corynebacterium_amycolatum	0	0	0	0	0	0	0	0	0	0	0	0	0	0	0	0	0	0	0	0	0	0	0	447	0	0	0	0	0	0	0	0	0	0	0	0	0	0	0	0	0	0	0	0	0	0	0	0	0	0	0	0	0	0	0	0	0	0	0	0	0	0	0	0	0	0	0	0	0	0	0	0	0	0	0	0	0	0	0	0	0	0	0	0	0	0	0	454	0	0	0	0	0	0	0	0	0	0	0	0	0	0	0	0	0	0	0	0	0	0	0	0	0	0	0	0	0	0	0	0	0	0	0	0	0	0	0	0	0	0	0	0	0	0	0	0	0	0	0	0	0	0	0	0	0	0
Corynebacterium_stationis	0	0	0	0	0	0	0	0	0	0	0	0	0	0	0	0	0	0	0	0	0	0	0	177765	0	0	217562	45028	0	0	0	0	0	0	0	0	0	0	0	0	0	0	0	0	0	0	0	0	0	0	0	0	1373	0	0	0	0	4505	0	0	0	0	0	0	0	0	0	0	0	0	0	0	0	0	0	0	0	0	0	0	0	0	0	0	0	0	0	3715	0	0	0	0	0	0	0	0	0	0	0	0	0	0	0	0	0	0	1349	1615	0	0	0	3098	0	0	0	0	17829	0	0	0	0	0	0	0	0	0	0	0	0	0	0	0	0	0	0	41885	0	0	1462	0	0	0	0	456	0	7996
Olsenella_profusa	82	82	0	0	0	0	0	0	0	0	0	0	0	0	0	0	0	27	0	0	0	0	0	0	0	0	313	0	0	0	0	0	0	0	0	0	0	0	0	0	0	0	0	0	0	0	0	0	0	0	0	0	0	0	0	0	0	0	0	0	0	0	0	0	0	0	0	0	0	0	0	0	0	0	0	0	0	0	79	0	0	0	0	0	0	0	0	0	0	0	0	0	0	0	160	0	0	0	0	134	0	0	0	0	0	0	0	0	0	0	0	0	0	0	0	0	0	0	0	0	0	0	0	0	0	0	0	0	0	0	0	0	0	0	0	0	0	0	0	0	0	0	0	0	0	0
Olsenella_scatoligenes	2260	1708	1167	1314	1548	892	1330	1330	606	1656	138	828	283	111	522	426	170	1799	196	114	1463	0	595	1305	717	716	3307	373	702	0	0	0	300	1391	0	859	0	838	0	0	1493	0	1057	0	0	306	760	0	0	0	141	749	0	1380	0	1582	0	82	0	0	303	0	166	275	0	806	186	0	0	0	281	0	197	0	0	0	1392	0	2637	111	270	0	770	85	0	0	110	0	0	219	1452	1139	0	0	1383	281	491	443	28	2065	55	55	1047	0	0	946	0	1471	1031	763	189	1296	1406	1982	948	232	0	0	0	227	0	0	0	0	0	189	0	140	0	139	0	144	0	0	0	0	0	29	0	0	0	0	0	0	0	0
Collinsella_aerofaciens	159	0	313	0	79	0	0	0	0	326	0	83	0	0	0	0	0	156	0	0	236	0	0	159	0	83	229	0	0	0	0	0	0	80	0	0	0	0	79	0	156	0	0	0	0	0	81	0	0	0	0	0	0	80	0	0	0	0	0	0	0	0	0	0	0	0	0	0	0	0	0	0	0	0	0	0	0	0	233	0	0	0	76	0	0	0	0	0	0	75	159	0	0	0	0	0	0	0	0	158	0	0	0	0	0	0	0	0	0	0	0	155	0	79	0	0	0	0	0	0	0	0	0	0	0	0	0	0	0	0	0	0	0	0	0	0	0	0	0	0	0	0	0	0	0	0
Collinsella_intestinalis	286	172	57	116	57	57	235	235	0	0	0	0	0	0	0	59	57	229	0	0	114	0	57	57	0	0	172	0	0	0	0	0	61	113	0	0	0	115	0	0	0	0	57	0	0	0	0	0	0	0	0	0	0	116	0	0	0	0	0	0	0	0	0	0	0	0	0	0	0	0	0	0	0	0	0	0	57	0	285	0	0	0	55	0	0	0	0	0	0	0	0	229	0	0	55	0	0	0	0	232	0	0	0	0	0	0	0	114	0	114	0	0	0	175	0	0	0	0	0	0	0	0	0	0	0	0	0	0	0	0	0	0	0	0	0	0	0	0	0	0	0	0	0	0	0	0
Collinsella_stercoris	104	50	0	0	50	49	94	94	0	189	0	0	0	0	140	95	0	241	0	0	471	0	0	50	0	0	303	0	99	0	0	0	0	0	0	0	0	96	0	0	95	0	96	0	0	0	0	0	0	0	0	0	0	99	0	49	0	0	0	0	0	0	89	174	0	267	0	0	0	0	0	0	0	0	0	0	50	0	403	0	0	0	0	0	0	0	0	0	0	0	0	0	0	0	151	0	0	0	0	436	0	44	139	0	0	0	0	416	191	50	0	0	50	49	0	48	0	0	0	0	0	0	0	0	0	0	0	0	0	0	0	0	0	0	0	0	0	0	0	0	0	0	0	0	0	0
Collinsella_massiliensis	2287	2878	1012	1188	1978	855	1370	1370	656	1488	135	542	421	135	924	528	224	2517	397	137	1975	46	609	744	719	521	3252	603	656	0	0	171	131	1444	0	907	0	787	236	0	1524	0	1135	0	0	265	839	0	87	0	133	351	0	1360	0	1405	0	0	0	0	631	0	407	261	0	493	130	0	0	0	415	0	45	0	0	0	1912	0	3553	44	476	0	643	90	0	0	322	0	0	86	944	1407	43	0	2658	131	299	479	226	1901	0	165	1079	42	87	485	87	1105	1034	700	353	781	1270	2193	709	436	132	128	134	347	0	0	0	0	0	224	0	303	90	218	0	260	0	131	0	0	0	42	0	0	87	0	0	0	0	0
Enorma_massiliensis	534	282	138	134	957	362	1257	1257	233	1093	56	136	121	0	283	0	0	877	61	0	634	0	63	359	303	265	1066	114	58	0	0	0	0	214	0	577	0	366	0	0	386	0	128	0	0	62	303	0	0	0	0	192	0	449	0	71	0	0	0	0	64	0	0	0	0	199	0	0	0	0	134	0	0	0	0	0	665	0	740	0	176	0	321	0	0	0	0	0	0	0	337	517	0	0	627	0	255	0	0	139	0	0	558	0	0	193	0	657	256	0	0	391	664	599	359	65	0	0	0	0	0	0	0	0	0	0	0	0	0	71	0	0	0	0	0	0	0	0	0	0	0	0	0	0	0	0
Adlercreutzia_equolifaciens	1145	1862	437	1884	271	181	82	82	762	417	411	412	473	161	842	298	395	624	1462	362	948	674	882	1147	875	266	1568	431	891	602	1035	1027	1076	681	1248	1397	2780	601	739	457	623	995	2049	2247	2263	529	523	0	1126	2824	105	455	0	683	132	1622	247	0	881	0	389	3312	0	1012	0	1221	218	2009	0	5945	80	0	0	0	0	0	576	0	864	263	436	416	286	0	0	29	0	904	109	2199	1378	580	272	505	135	426	407	440	235	1067	354	779	85	683	136	726	596	166	656	990	376	1850	850	873	0	362	0	7297	159	9955	4532	136	980	8105	2095	783	928	571	80	2124	10112	6019	2079	287	1615	22844	307	662	1171	56	414	988	27	690	1136	5409
Asaccharobacter_celatus	920	1670	431	968	199	105	250	250	824	632	391	608	747	157	960	514	607	736	1693	359	1143	501	1329	1100	946	248	1713	256	915	298	634	653	868	645	562	1406	1431	748	708	452	564	605	2655	1019	1420	783	488	0	1113	1248	306	398	0	745	206	1693	0	0	1213	0	709	1176	535	704	0	1307	79	837	0	3436	232	101	52	0	26	0	444	0	735	364	390	396	325	0	275	53	27	589	103	1870	1714	621	188	922	157	278	515	177	355	1274	455	855	0	376	475	839	1021	221	1022	1007	375	1305	962	1021	0	388	0	2731	178	5812	1565	204	478	4032	777	797	421	511	284	611	3433	2979	764	105	722	7805	256	801	307	0	441	680	0	360	1059	2910
Enterorhabdus_caecimuris	38982	61052	34957	13702	12559	16998	10002	10002	47755	42421	31073	35854	27673	18425	39587	23450	37816	28079	86224	17943	28186	30414	35443	41118	46279	16311	50981	13800	37591	8200	11593	43817	29394	21586	8524	51512	20738	18632	30716	12391	20431	6851	77540	19377	13178	36691	33213	11934	21795	13411	14341	21831	13758	39731	25461	52118	2945	9869	99755	5565	15071	19669	10674	19934	9434	32730	15505	3597	9966	10201	15869	9326	9777	7318	9181	3004	15576	5594	25595	21796	19276	12141	18469	1941	8042	8549	12044	23197	12794	40322	62128	32324	13356	51347	15499	3480	20813	21220	20298	44150	25531	24087	9686	54695	17033	31406	46342	14788	32497	34707	20886	57465	33100	39448	7993	29730	11148	7124	8685	31460	7036	9466	3890	15721	1855	19259	5123	15792	10601	6553	1521	9667	5088	7467	17793	7043	11826	19110	2351	5716	16448	15071	6929	2919	28295	4385
Gordonibacter_pamelaeae	0	67	0	0	0	0	0	0	0	0	0	0	0	0	0	0	0	0	0	0	0	0	0	0	0	0	0	0	0	0	0	0	33	0	0	99	0	67	32	0	130	0	539	0	0	0	0	0	161	0	0	0	0	0	0	418	0	0	0	0	0	0	0	0	0	0	0	0	0	0	0	0	0	0	0	0	0	0	0	0	0	0	0	0	0	0	0	0	0	0	0	0	0	0	0	0	0	0	0	0	0	0	0	0	0	0	0	0	0	0	0	0	0	0	0	0	0	0	0	97	0	0	0	0	0	131	0	0	0	0	0	0	0	0	0	0	0	128	0	0	65	0	0	0	32	0
Bacteroides_caecimuris	0	0	0	568420	0	0	0	0	0	1861	0	11734	0	0	0	0	0	0	0	0	0	0	1288	1012	0	0	0	5575	0	86131	138787	0	0	0	0	0	0	0	0	175255	0	1244039	0	0	455305	0	0	0	0	0	0	0	0	0	0	0	0	0	0	247896	0	140776	0	0	271176	0	232668	550107	361580	415724	0	0	0	0	0	77995	0	940	0	0	0	0	0	24891	51	0	0	0	0	92094	0	0	53071	174799	0	1553	0	0	0	0	0	212534	0	0	94839	0	97267	0	69140	54805	58423	282128	0	0	107	0	84075	0	0	0	818	0	0	127116	0	0	199887	0	0	0	849625	0	0	0	0	0	0	0	0	0	0	0	0	0	0	0
Bacteroides_dorei	0	0	0	0	0	0	0	0	0	0	0	0	0	0	0	0	0	0	0	0	0	0	0	0	0	0	0	0	0	0	0	0	0	0	0	0	0	0	0	0	0	0	0	0	0	0	0	0	0	0	0	0	0	0	0	0	0	0	0	0	0	0	0	0	0	0	0	0	0	0	0	0	0	0	0	0	0	0	0	0	0	0	0	0	0	0	0	0	0	534531	0	0	0	0	0	0	0	0	0	0	0	0	0	0	0	0	0	0	0	0	0	0	0	0	0	0	0	0	0	0	0	0	0	0	0	0	0	0	0	0	0	0	0	0	0	0	0	0	0	0	0	0	0	0	0	0
Bacteroides_intestinalis	0	0	0	0	0	0	0	0	0	0	0	0	0	0	0	0	0	0	0	0	0	0	0	0	0	0	0	0	0	0	53837	0	0	0	414986	0	491492	0	0	0	0	0	0	220324	2956	0	0	0	0	0	0	0	0	0	0	0	0	0	0	45135	0	2075415	0	0	36132	0	0	0	0	0	0	0	0	0	0	0	0	0	0	0	0	0	0	0	0	0	0	0	0	79545	0	0	135060	0	0	48556	0	0	0	0	0	139451	0	0	0	0	0	0	0	0	0	0	0	0	0	0	0	0	0	0	0	0	0	158662	511318	0	0	0	0	0	0	0	0	0	0	0	0	0	0	0	0	0	0	0	0	0
Bacteroides_massiliensis	0	0	0	0	0	0	0	0	0	0	0	0	0	0	0	0	0	0	0	0	0	0	0	0	0	0	0	0	0	245808	485286	0	0	0	0	0	0	0	0	0	0	0	0	0	730740	0	0	0	0	0	0	0	0	0	0	0	0	0	0	640874	0	401432	0	0	653374	0	0	0	0	0	0	0	0	0	0	0	0	0	0	0	0	0	0	0	0	0	0	0	0	33170	0	0	300308	0	0	0	0	0	0	0	0	1102957	0	0	0	0	0	0	0	0	0	0	0	0	0	0	0	0	0	0	0	0	0	0	0	0	0	0	0	0	0	0	0	0	0	0	0	0	0	0	0	0	0	0	0	0
Bacteroides_ovatus	0	0	0	0	0	0	0	0	0	0	0	0	0	0	0	0	0	0	0	0	0	0	0	0	0	0	0	0	0	0	0	0	0	0	0	0	0	0	0	0	0	0	0	0	0	0	0	0	0	0	0	0	0	0	0	0	0	0	0	0	0	0	0	0	0	0	0	0	0	0	0	0	0	0	0	0	0	0	0	0	0	0	0	0	0	0	0	0	0	0	0	0	0	0	0	0	232496	77458	0	0	0	0	0	2464982	0	0	0	0	0	0	0	0	0	0	0	0	0	0	0	0	0	0	0	0	0	0	0	0	0	0	0	0	0	0	0	0	0	0	0	0	0	0	0	0	0	0
Bacteroides_sartorii	0	0	0	0	0	0	0	0	0	0	0	0	0	0	0	0	0	0	0	0	0	0	0	0	0	0	0	0	0	0	64105	0	0	0	0	0	0	0	0	0	0	3251321	0	0	68941	0	0	0	0	1856323	0	0	0	0	0	0	0	0	0	2755987	0	3282846	0	0	2762635	0	0	0	0	0	0	0	0	0	0	0	0	0	0	0	0	0	0	0	0	0	0	0	0	5010181	0	0	0	0	0	0	0	0	0	0	0	270006	0	0	0	0	0	0	0	0	0	0	0	0	0	0	0	0	0	0	0	0	0	0	0	0	0	0	0	0	0	0	0	0	0	0	0	0	0	0	0	0	0	0	0	0
Bacteroides_stercorirosoris	0	0	0	0	0	0	0	0	0	0	0	25011	0	0	0	0	0	0	0	0	0	0	0	0	0	0	0	0	0	0	0	0	0	0	278569	0	116003	0	0	0	0	1013729	0	29298	0	0	0	0	0	0	0	0	909459	0	0	587720	185147	0	0	0	0	0	0	0	0	0	0	0	0	0	0	0	0	74315	0	113008	0	0	0	0	0	0	0	232433	0	0	0	0	0	0	0	0	0	0	0	84312	0	0	0	0	0	0	0	0	0	0	1915267	0	0	0	0	0	0	0	0	0	762596	0	0	0	0	0	0	0	0	0	0	0	0	0	0	0	252307	0	0	729539	0	0	0	0	0	0	0	0	0	852307
Bacteroides_thetaiotaomicron	0	0	230517	0	0	498885	236662	236662	498060	161970	0	23978	0	58275	0	306165	0	726442	550673	0	0	0	0	1128733	0	1208483	1362091	324602	0	482	5478984	0	0	0	0	0	0	0	0	0	0	0	0	0	3406263	0	0	0	0	0	0	0	0	0	0	0	0	0	0	0	0	0	0	0	0	0	0	0	0	0	0	0	0	0	0	0	0	0	0	0	0	0	0	0	0	0	0	0	0	0	0	0	0	0	0	0	213437	121208	0	0	0	0	0	4956636	0	0	0	0	0	0	0	0	0	0	0	0	0	0	0	0	0	0	0	0	1046052	0	0	0	0	0	0	0	0	0	0	0	0	0	0	0	0	0	0	0	0	0
Bacteroides_uniformis	1255294	2182971	1011944	965302	1184623	1839872	929402	929402	2316707	745571	879915	291723	545350	258504	799138	327019	744192	1431385	1712188	4259089	5234094	419426	8427748	5534973	1361579	511104	5271379	1474221	4036640	137	2348094	0	0	0	1026328	0	390337	0	0	30871	308	959359	0	300725	2195240	0	0	0	0	0	0	0	0	0	0	0	228590	0	0	1231498	0	1408656	0	0	1241799	0	0	369	0	0	0	868955	0	0	0	0	0	0	0	0	0	0	0	0	0	0	0	0	0	10960804	0	0	246465	0	11560	2866391	1034575	671856	0	0	0	839825	0	4601750	0	0	0	0	0	0	0	0	0	0	0	0	0	1708585	0	0	0	0	0	0	998366	513	969667	0	0	0	80529	0	1156546	3411292	3765599	2242670	8172868	241053	672983	1839518	2153633	1587855	4560749	320450	2059865	1919331
Bacteroides_vulgatus	0	0	0	8367892	0	0	0	0	0	0	0	0	0	0	0	0	0	0	0	0	0	0	0	0	0	0	0	0	0	943	4622342	0	0	0	0	0	0	0	0	693	0	398084	0	0	7351655	0	0	120	0	71458	0	0	0	0	0	0	229	0	0	158842	0	5107562	0	0	164556	0	0	0	0	0	0	0	0	0	0	101	0	3677	0	0	0	0	0	888	0	0	0	0	0	0	0	0	0	0	0	11137766	0	0	0	0	0	7823614	0	0	0	0	0	0	0	0	0	0	0	0	995	0	0	0	0	0	356	0	0	0	4304536	0	0	0	0	0	0	0	0	0	0	0	0	0	0	0	0	0	0	0	0	0
Bacteroides_xylanisolvens	0	0	0	0	0	0	0	0	0	0	0	0	0	0	0	0	0	0	0	0	0	0	0	0	0	0	0	0	0	0	0	0	0	0	0	0	0	0	0	0	0	0	0	0	0	0	0	0	0	0	0	0	0	0	0	0	0	0	0	0	0	0	0	0	0	0	0	0	0	0	0	0	0	0	0	0	0	0	0	0	0	0	0	0	0	0	0	0	0	0	0	0	0	0	0	0	66762	8073	0	0	0	0	0	69771	0	0	0	0	0	0	0	0	0	0	0	0	0	0	0	0	0	0	0	0	0	0	0	0	0	0	0	0	0	0	0	0	0	0	0	0	0	0	0	0	0	0
Muribaculaceae_bacterium_DSM_103720	2900491	6497723	1253797	783947	3650514	3561519	1281667	1281667	2049360	730808	740722	258223	3574882	30539	744571	161209	4537269	1521451	3514136	1370500	5405014	1250908	2730387	2528112	2862543	4151692	4028580	1947177	5538936	1154080	139548	728782	1738152	1080810	241090	1149159	330150	794684	917594	1421960	902898	91348	1350059	503130	267620	1313874	1252165	756766	2876510	1445701	789636	1056780	1705601	1530356	355115	1353743	460839	329146	1056585	259545	442373	130113	154019	264231	267567	340965	1274315	64913	531098	323269	1453467	419751	383154	137237	279865	357320	1222018	398985	1328462	1164854	5017359	570290	661436	624400	636222	362127	509716	1346567	1416228	4953021	3874469	1607044	109576	738083	1003036	317	1779684	1696164	1959187	4475540	1992762	2316525	2593039	1310201	201569	803409	329285	5278923	149142	43498	81620	512120	769714	693599	5155782	286718	880895	274370	987181	1615206	360020	1079044	358205	86895	155631	699379	320718	1012787	411678	9510	133854	52987	1005108	930512	396271	432582	1182912	2302100	199406	738551	992418	1169725	1163060	99778	896282	119115
Muribaculum_intestinale	1771179	2842017	770553	876260	675340	797519	574470	574470	629365	492294	684691	131	2642135	251832	494923	125838	1076744	687798	1860668	1025275	2902911	72692	4085340	463690	1417466	1006887	2294805	430436	2946504	1385750	606355	1740121	2724013	1010697	1682487	2288087	2849241	2323667	1500298	1210999	2161503	1197874	676608	1491724	1703582	1226983	1815201	1264080	472723	1307822	2537103	6089449	3714247	5038273	8077856	7253931	959877	555764	3279573	1362871	1700972	9769	1330704	731305	1230517	2107467	1713759	134	1048932	4499	1460665	1714982	1057967	3869653	566536	552388	3337241	378690	3530621	2266805	5975031	1651410	2595885	3165644	1520515	1089148	1230087	4851979	1044281	5097006	2111714	1530364	1298225	1810358	407197	52374	749337	788308	964457	3400942	708790	3074371	1384474	3298432	216508	444384	14076216	4384091	1131912	1525512	613785	601262	2005051	2391988	3613081	824024	1127477	5098173	9746781	4671312	2602094	3027793	1653934	3270268	202844	5772588	1465561	3997136	4030499	363192	1151025	568488	863593	3558737	5179527	2045014	5218066	4548302	266511	4551198	3840483	976883	3362549	317738	4303986	3169270
Butyricimonas_synergistica	0	0	0	0	0	0	0	0	0	0	0	0	0	0	0	0	0	0	0	0	0	0	0	0	0	0	0	0	0	0	0	0	0	0	0	0	0	0	0	0	0	0	0	0	47	0	0	0	0	0	0	0	0	0	0	0	0	0	0	0	0	0	0	0	47	0	0	0	0	0	0	0	0	0	0	0	0	0	0	0	0	0	0	0	0	0	0	0	0	0	0	0	0	0	0	0	0	0	0	0	0	0	0	0	0	0	0	0	0	0	0	0	0	0	0	0	0	0	0	0	0	0	0	0	0	0	0	0	0	0	0	0	0	0	0	0	0	0	0	0	0	0	0	0	0	0
Butyricimonas_virosa	0	0	0	0	0	0	0	0	0	0	0	2083026	0	0	0	1437435	0	0	0	0	0	0	0	2522	0	0	0	0	0	0	1703304	0	0	0	0	0	0	0	0	0	0	0	0	0	2412940	0	0	0	0	0	0	0	0	0	0	0	0	0	0	1649173	0	911258	0	0	1456065	0	0	0	3849462	0	0	0	0	0	0	0	0	0	0	0	0	0	0	0	0	0	0	0	0	1573260	0	0	1473910	0	0	649748	0	0	0	0	0	2222761	0	0	0	0	0	0	0	0	0	0	0	0	0	0	0	0	0	0	0	0	0	0	840743	0	0	0	0	0	0	0	0	0	0	0	0	0	0	0	0	0	0	0	0	0
Prevotella_sp_MGM1	0	0	0	0	0	0	0	0	0	0	0	0	0	0	0	0	0	0	0	0	0	0	0	0	0	0	0	0	0	0	0	0	0	0	0	0	0	0	0	0	0	0	0	0	0	0	0	0	0	0	0	0	0	0	0	0	0	0	0	0	0	0	316610	180505	0	335980	0	138599	0	365463	0	0	0	0	0	0	0	0	0	0	0	0	0	0	0	0	0	0	0	0	0	0	0	0	0	0	0	0	0	0	0	0	0	0	0	0	0	0	0	0	0	0	0	0	0	0	0	0	0	0	0	0	0	0	0	0	0	0	0	0	0	0	0	0	0	0	0	0	0	0	0	0	0	0	0	0
Prevotella_sp_MGM2	0	0	0	0	0	0	0	0	0	0	0	0	0	0	0	0	0	0	0	0	0	0	0	0	0	0	0	0	0	0	317639	0	0	0	0	0	0	0	0	0	0	0	0	0	3172373	0	0	0	0	0	0	0	0	0	0	0	0	0	0	0	0	0	0	0	0	0	0	0	0	0	0	0	0	0	0	0	0	0	0	0	0	0	0	0	0	0	0	0	0	0	0	0	0	0	0	0	0	0	0	0	0	0	0	0	0	0	0	0	0	0	0	0	0	0	0	0	0	0	0	0	0	0	0	0	0	0	0	0	0	0	0	0	0	0	0	0	0	0	0	0	0	0	0	0	0	0
Alistipes_indistinctus	0	0	0	0	0	0	0	0	0	0	0	0	0	0	0	0	0	0	0	0	0	0	0	0	0	0	0	0	0	0	50004	0	0	0	0	0	0	0	0	0	0	0	0	0	47681	0	0	0	0	0	0	0	0	0	0	0	0	0	0	0	0	26009	0	0	0	0	0	0	0	0	0	0	0	0	0	0	0	0	0	0	0	0	0	0	0	0	0	0	0	127875	0	0	68437	0	0	0	0	0	0	0	0	0	0	0	0	0	0	0	0	0	0	0	0	0	0	0	0	0	0	0	0	0	0	0	0	0	0	0	0	0	0	0	0	0	0	0	0	0	0	0	0	0	0	0	0	0
Alistipes_shahii	0	0	0	0	0	0	0	0	0	0	0	5970	0	0	0	551	0	0	0	0	0	0	0	0	0	0	0	0	0	0	425	0	0	0	0	0	0	0	0	0	0	796949	0	0	3222	0	0	0	0	0	0	0	0	0	0	0	0	0	0	1797	0	677	0	0	2092	0	0	1527	0	444	0	0	0	0	0	0	0	0	0	0	0	0	0	0	0	0	0	0	0	2381	0	0	3057	0	0	206	0	0	0	0	0	660	0	0	0	0	0	0	0	0	0	0	0	0	0	0	0	0	0	0	0	0	0	0	1208	0	0	0	0	0	0	0	0	0	0	0	0	0	0	0	0	0	0	0	0	0
Alistipes_timonensis	0	0	0	0	0	0	0	0	0	0	0	165224	0	0	0	9952	0	0	0	0	0	0	0	0	0	0	0	0	0	0	15526	0	0	0	0	0	0	0	0	0	0	0	0	0	40694	0	0	0	0	0	0	0	0	0	0	0	0	0	0	84831	0	73654	0	0	87358	0	0	43660	0	26015	0	0	0	0	0	0	0	0	0	0	0	0	0	0	0	0	0	0	0	224881	0	0	74342	0	0	36037	0	0	0	0	0	15854	0	0	0	0	0	0	0	0	0	0	0	0	0	0	0	0	0	0	0	0	0	0	79736	0	0	0	0	0	0	0	0	0	0	0	0	0	0	0	0	0	0	0	0	0
Parabacteroides_distasonis	0	0	0	0	0	0	0	0	0	0	0	0	0	0	0	0	0	0	0	0	0	0	0	0	0	0	0	0	0	0	80972	0	0	0	0	0	0	0	0	0	0	0	0	0	277605	0	0	0	0	0	0	0	0	0	0	0	0	0	0	0	0	9580	0	0	0	0	0	0	0	0	0	0	0	0	0	0	0	0	0	0	0	0	0	0	0	0	0	0	0	284884	0	0	220110	0	0	0	182384	398751	0	0	0	0	0	4014400	0	0	0	0	0	0	0	0	0	0	0	0	0	0	0	0	0	0	0	0	0	0	0	0	0	0	0	0	0	0	0	0	0	0	0	0	0	0	0	0	0	0
Parabacteroides_goldsteinii	443654	244016	1854927	4769324	394090	659918	218526	218526	280075	1160266	111846	87869	333713	296629	782218	377278	407000	445338	444577	626118	1529894	680339	2180023	1587194	443396	1024370	1242307	305528	1960446	438727	151775	1122985	1865510	1019704	3433008	2089691	917567	1018383	2058454	1361870	2006585	77812	2391044	866070	112205	3777714	2726552	2830061	18146379	2501732	3476868	5372298	2001572	6939058	7043193	6630077	1231591	546891	5296977	638233	4024060	70095	2253428	7989573	656034	1769714	3903030	6562284	4377959	7389818	4498841	12714	1650980	9891413	981188	892	2657881	771174	3535178	3889789	6881616	2904127	2544750	2587943	5452609	651196	1531508	1831998	2419459	692061	1857052	629511	190419	1384678	409032	46551	2074549	1063066	673468	2191149	672614	512015	1520925	5043670	788164	216785	9268755	1746038	169072	1172662	1494608	421334	3188269	1930455	1585691	2063200	2968577	4506565	13350408	6202418	2374072	3935416	10757341	3362962	1446733	5327715	1913020	6943997	7601152	621905	4611019	4374258	507472	1137583	2554913	1068364	463359	1083636	356655	570925	299770	553978	1059017	257052	1037646	1051732
Parabacteroides_johnsonii	0	0	0	0	0	0	0	0	0	0	0	0	0	0	0	0	0	0	0	0	0	0	0	0	0	0	0	0	0	0	15417	0	0	0	0	0	0	0	0	0	0	0	0	0	41992	0	0	0	0	0	0	0	0	0	0	0	0	0	0	0	0	2008	0	0	0	0	0	0	0	0	0	0	0	0	0	0	0	0	0	0	0	0	0	0	0	0	0	0	0	0	0	0	0	0	0	0	0	0	0	0	0	25698	0	0	0	0	0	0	0	0	0	0	0	0	0	0	0	0	0	0	0	0	0	0	0	0	2367	0	0	0	0	0	0	0	0	0	0	0	0	0	0	0	0	0	0	0
Parabacteroides_merdae	0	0	0	0	0	0	0	0	0	0	0	2312363	0	0	0	0	0	0	0	0	0	0	0	3685	0	0	0	0	0	0	869609	0	0	0	0	0	0	0	0	0	0	946622	0	0	322255	0	0	0	0	0	0	0	0	0	0	0	0	0	0	0	0	379941	0	0	0	0	0	0	0	0	0	0	0	0	0	0	0	0	0	0	0	0	0	0	0	0	0	0	0	0	0	0	0	0	0	0	0	0	0	0	0	0	0	0	0	0	0	0	0	0	0	0	0	0	0	0	0	0	0	0	0	0	0	0	0	0	1684	0	0	0	0	0	0	0	0	0	0	0	0	0	0	0	0	0	0	0
Capnocytophaga_leadbetteri	0	0	0	0	0	0	0	0	0	0	0	0	0	0	0	0	0	0	0	0	0	0	0	0	0	0	0	0	0	0	0	0	0	0	0	0	0	0	0	0	0	0	0	0	0	0	0	0	0	0	0	0	0	0	0	0	0	0	0	0	0	0	0	0	0	0	0	0	0	0	0	0	0	0	0	0	0	0	0	0	0	0	0	0	114	0	0	0	0	0	0	0	0	0	0	0	0	0	0	0	0	0	0	0	0	0	0	0	0	0	0	0	0	0	0	0	0	0	0	0	0	0	0	0	0	0	0	0	0	0	0	0	0	0	0	0	0	0	0	0	0	0	0	0	0	0
Sphingobacterium_paucimobilis	0	0	0	0	0	0	0	0	0	0	0	0	0	0	0	0	0	0	0	0	0	0	0	19517	0	0	0	0	0	0	0	0	0	0	0	0	0	0	0	0	0	0	0	0	0	0	0	0	0	0	0	0	0	0	0	0	0	0	0	0	0	0	0	0	0	0	0	0	0	0	0	0	0	0	0	0	0	0	0	0	0	0	0	0	0	0	0	0	0	0	0	0	0	0	0	0	0	0	0	0	0	0	0	0	0	0	0	0	0	0	0	0	0	0	0	0	0	0	0	0	0	0	0	0	0	0	0	0	0	0	0	0	0	0	0	0	0	0	0	0	0	0	0	0	0	0
Mucispirillum_schaedleri	17741	108264	530069	95927	1657117	832568	3934144	3934096	1034415	636040	234462	771649	31066	1107201	0	0	115506	7770	145446	538290	15276	8543	57469	1837606	53486	998119	131268	305034	15892	100422	3397939	118035	5585	0	114255	2708	208619	88228	1696153	627473	153	1696412	20768	482270	969596	1204038	609709	129	99	0	0	0	105033	2767	68207	8479	15650	0	0	2300	522041	61971	81320	246386	2781	66823	29165	96204	501086	35708	34208	27817	0	1107203	428732	0	333669	127	117872	144854	1269	103	10257	7616	0	0	0	24971	0	0	8597	34545	5452	292124	16238	592845	718930	327644	1152887	0	162100	34669	182673	95122	247859	757814	11062	13277	78465	152719	267032	2110	1407212	253	8640	44239	54447	210382	0	270	0	132368	0	0	50584	0	0	0	0	0	1668	0	846638	200437	216172	95402	733880	154080	1744175	1256584	238738	239779	130213	240905	83708	23796
Jeotgalicoccus_halotolerans	0	0	0	0	0	0	0	0	0	318	0	0	0	1424	0	394	0	0	0	0	0	0	0	4013	0	0	2362	0	0	0	581	0	0	0	0	0	2146	0	0	66	0	0	0	2662	0	0	0	0	0	0	0	0	0	0	0	0	0	0	0	0	0	0	0	0	0	0	0	0	0	0	0	0	0	0	0	321	0	0	0	0	0	317	0	265	0	0	0	1482	0	0	0	0	0	2645	0	0	0	0	0	0	0	0	0	128	0	0	0	0	0	0	0	326	0	0	0	0	646	4570	0	0	0	0	0	1729	0	0	0	0	0	0	0	0	0	0	0	2047	0	0	0	0	0	373	0	0	0	2439
Staphylococcus_lentus	0	0	118	0	0	0	0	0	0	507	0	0	0	5558	741	13643	0	606	0	0	0	1717	171	273250	0	0	160112	41246	0	0	3695	0	0	0	0	0	3285	0	0	335	0	0	0	1499	0	0	0	0	0	0	0	0	330	0	0	0	3036	5989	0	0	0	0	0	0	0	0	0	857	0	0	0	455	0	0	0	0	0	0	0	0	0	16551	0	0	1636	0	0	69314	0	0	0	0	0	8256	0	0	0	0	0	7591	0	0	0	0	179	0	0	26910	0	0	0	15241	0	0	15174	0	49210	0	0	0	0	0	0	281	0	0	0	0	0	0	0	0	0	0	0	97890	0	0	6350	0	0	1414	0	512	0	73417
Staphylococcus_nepalensis	0	0	0	0	0	0	0	0	0	0	0	0	0	0	0	372	0	0	0	0	0	0	0	0	0	0	0	0	0	0	0	0	0	0	0	0	0	0	0	0	0	0	0	0	0	0	0	0	0	0	0	0	0	0	0	0	0	0	0	0	0	0	0	0	0	0	0	0	0	0	0	0	0	0	0	0	0	0	0	0	0	0	0	0	0	0	0	0	0	0	0	0	0	0	0	0	0	0	0	0	0	0	0	0	0	0	0	0	0	0	0	0	0	0	0	0	0	0	0	0	0	0	0	0	0	0	0	0	0	0	0	0	0	0	0	0	0	0	0	0	0	0	0	0	0	0
Staphylococcus_saprophyticus	0	0	0	0	0	0	0	0	0	0	0	0	0	0	0	0	0	0	0	0	0	0	0	0	0	0	0	0	0	0	0	0	0	0	0	0	0	0	0	0	0	0	0	0	0	0	0	0	0	0	0	0	0	0	0	0	0	0	0	0	0	0	0	0	0	0	0	0	0	0	0	0	0	0	0	0	0	0	0	0	0	0	0	0	0	0	0	0	0	0	1013	0	0	0	0	0	0	0	0	0	0	0	0	0	0	0	0	0	0	0	0	0	0	0	0	0	0	0	0	0	0	0	0	0	0	0	0	0	0	0	0	0	0	0	0	0	0	0	0	0	0	0	0	0	0	0
Staphylococcus_sciuri	0	0	0	0	0	0	0	0	0	0	0	0	0	0	0	0	0	0	0	0	0	0	0	0	0	0	0	0	0	0	0	0	0	0	0	0	0	0	0	0	0	0	0	0	0	0	0	0	0	0	0	0	0	0	0	0	0	0	0	0	0	578	0	0	0	0	0	0	0	0	0	0	0	0	0	0	0	0	0	0	0	0	0	0	0	0	0	0	0	0	0	0	0	2340	0	0	0	0	0	0	0	0	0	0	0	0	0	0	0	0	0	0	0	0	0	0	0	0	0	0	0	0	0	0	0	0	0	0	0	0	0	0	0	0	0	0	0	0	0	0	0	0	0	0	0	0
Aerococcaceae_bacterium	0	0	0	0	0	0	0	0	0	0	0	0	0	0	0	0	0	0	0	0	0	0	0	16242	0	0	16852	3707	0	0	0	0	0	0	0	0	0	0	0	0	0	0	0	0	0	0	0	0	0	0	0	0	0	0	0	0	0	484	0	0	0	0	0	0	0	0	0	0	0	0	0	0	0	0	0	0	0	0	0	0	0	7268	0	0	269	0	0	0	0	0	0	0	0	0	0	0	0	0	0	0	0	0	0	0	0	0	0	436	0	0	0	1584	0	0	317	0	16477	0	0	0	0	0	0	0	0	0	0	0	0	0	0	0	0	0	0	39976	0	0	1433	0	0	0	0	0	0	20118
Aerococcus_urinaeequi	0	0	0	0	0	0	0	0	0	0	0	0	0	0	0	0	0	0	0	0	0	0	0	0	0	0	0	0	0	0	0	0	0	0	0	0	0	0	0	0	0	0	0	0	0	0	0	0	0	0	0	0	0	0	0	0	0	0	0	0	0	0	0	0	0	0	0	0	0	0	0	0	0	718	0	0	0	0	0	0	0	0	0	0	0	0	0	0	0	0	0	0	0	0	0	0	0	0	0	0	0	0	0	0	0	0	0	0	0	0	0	0	0	0	0	0	0	0	0	0	0	0	0	0	0	0	0	0	0	0	0	0	0	0	0	150	0	0	0	0	0	0	0	0	0	0
Enterococcus_faecalis	0	0	0	0	0	0	0	0	0	0	1172	1118	0	0	4552	0	0	0	272	2574	0	0	4715	1210	0	0	0	0	0	28724	2248	3672	81	44442	19543	0	465	0	0	21948	0	47547	0	1749	7466	0	0	0	0	2925	0	0	0	0	31645	0	0	0	0	1111	12998	82032	0	0	9754	0	0	10094	22366	67416	0	487	0	81859	0	0	0	0	0	0	0	18627	0	2194	3667	0	0	75812	0	0	0	0	11269	579148	0	119	677	1526	229	634	0	183619	0	234641	0	0	16442	4725	0	2089	0	0	0	0	2739	0	2761	0	0	0	20208	0	36309	6140	38931	3221	0	1289	4066	0	2696	0	0	0	62554	10989	1194	0	0	0	0	0	0	0	0	54831
Enterococcus_gallinarum	0	598	0	0	0	0	0	0	0	0	0	0	0	0	0	0	0	0	0	0	0	0	0	0	0	0	0	0	0	0	797	0	0	0	0	0	0	0	0	0	0	0	0	0	0	0	0	0	0	0	0	0	0	0	0	0	0	0	0	0	0	0	0	0	0	0	0	3060	0	0	0	6284	0	0	0	1894	0	0	0	0	0	0	0	0	0	0	0	0	0	0	0	1187	1418	0	0	0	0	0	0	1714	0	0	0	124685	0	0	0	27483	0	0	0	0	0	0	35946	0	0	0	0	0	0	0	0	0	0	0	0	0	0	0	0	0	0	0	0	0	0	8145	0	0	0	0	0	0	0	2100
Lactobacillus_intestinalis	0	0	0	0	0	0	0	0	0	0	9007	688	0	0	0	0	0	0	0	0	0	0	0	0	311	0	0	0	0	0	0	0	0	0	0	0	0	0	0	0	0	0	0	0	0	0	0	0	0	0	0	0	0	0	0	0	0	0	0	0	0	0	22937	4491	0	22268	0	0	0	0	0	0	0	0	0	0	0	0	0	0	0	0	0	0	0	0	0	0	0	0	0	0	0	0	0	0	0	0	0	0	0	0	0	0	0	0	0	0	0	0	0	0	1937	0	0	0	0	0	0	0	0	0	0	0	0	0	0	0	0	0	0	0	0	0	0	848	0	0	0	0	0	0	0	0	0	875
Lactobacillus_johnsonii	117631	112980	2030382	360503	38158	66146	39673	39673	6549	2795244	17203	971240	28407	911719	97514	89736	0	982888	0	0	0	0	0	388026	37440	6183	1324784	881038	0	70293	3117	124870	319234	3279793	403574	1272288	172569	354303	595	34135	591083	55914	2840948	1157781	25372	1062491	803903	198870	75490	18863	0	1600	194592	878399	202419	1385946	52437	268487	3011878	30421	0	0	125518	27838	48226	136520	38458	0	297352	0	249574	121	131739	494938	328154	15036	289993	60618	886794	62922	196695	317642	0	57157	293921	0	0	0	58748	1011313	1360	23261	241481	595231	75151	106552	0	1617	0	190569	0	0	18568	1145021	17545	5638	404327	188982	0	0	0	220670	103778	17084	164434	8677	291511	566868	175586	1745340	404948	411171	13388	139360	32329	518418	272318	251635	544052	62190	13134	86245	199193	616164	779087	352827	0	207205	115498	70549	146721	558209	13137	212302	172033	116454
Lactobacillus_murinus	40326	53569	96014	1065860	20328	42284	1903	1903	23739	92750	145270	790373	244754	40585	31304	72924	37263	48276	223398	1911068	2570898	126037	2012402	738697	19814	13208	106456	57175	12167	5945	6849	828819	4126578	3877339	11505	74144	133039	17826	4567645	4973	22409	6249	260864	166409	25494	13786	386039	3989	66051	1325	21929	182617	11254	25064	9300	16198	1184	6428	23562	28240	2484	3748	95026	36010	83971	186667	26693	368521	4364	632669	12509	22734	4889	7142	3473	15270	9657	5061	31283	16172	73691	74605	47989	45998	110705	2795	0	451417	17192	23298	17300	45686	106214	80185	33399	1976	176438	211898	12265	51108	416387	48790	28743	68544	69365	24364	12479	48328	28333	133071	22629	223815	209601	35025	36820	34303	61684	22534	12647	69035	20377	38773	998	25891	29478	26724	15708	21827	11645	12101	1722	20027	45309	11980	10197	94048	9747	23655	10833	4289	13247	61284	7815	18401	100638	54837
Lactobacillus_reuteri	0	0	0	0	16500	0	0	0	0	0	16230	21762	0	0	25435	7505	5148	255699	0	0	0	9958	0	109072	3139	0	420182	194096	3866	36185	7499	7233	971	40234	86051	0	38550	0	0	11795	0	41952	0	309000	12042	0	0	25294	0	5625	0	0	94817	62411	50523	0	14540	39919	199352	1618	0	0	9884	1010	4040	8610	0	1714	43978	0	0	0	0	65293	0	2904	6185	0	17787	6222	26636	5938	0	7181	11009	0	0	4810	0	286138	0	0	35068	0	0	2790	0	0	0	36448	0	0	0	167810	0	532	182950	47370	0	0	0	0	0	6582	43790	0	46780	71787	0	0	113486	0	2622	161145	35336	0	56300	0	0	4200	0	14628	59887	0	0	66441	0	69767	0	0	0	80410	0	31451	63577	49416
Lactobacillus_taiwanensis	0	0	0	0	0	0	0	0	0	0	0	0	0	0	0	0	0	0	0	0	0	0	0	0	0	0	0	0	0	0	0	0	0	0	0	0	0	0	0	0	0	0	0	0	0	0	0	0	0	0	0	0	0	0	0	0	0	0	0	0	0	0	0	0	0	0	0	0	0	0	0	0	0	0	0	0	0	0	0	0	0	0	0	0	0	0	0	100092	0	0	0	0	0	0	0	0	0	0	0	0	0	0	0	0	0	0	0	0	0	0	0	0	0	0	0	0	0	0	0	0	0	0	0	0	0	0	0	0	0	0	0	0	0	0	0	0	0	0	0	0	0	0	0	0	0	0
Lactobacillus_vaginalis	0	0	0	0	0	0	0	0	0	0	0	0	0	0	0	0	0	0	0	0	0	0	0	0	0	0	0	0	0	0	0	0	0	0	0	0	0	0	0	0	0	0	0	0	0	0	0	0	0	0	0	0	0	0	0	0	0	0	0	0	0	0	0	0	0	0	0	0	0	0	0	0	0	0	0	0	0	0	0	0	0	0	0	0	0	0	0	0	0	0	0	0	0	6485	0	0	0	0	0	0	0	0	0	0	0	0	0	0	0	0	0	0	0	0	0	0	0	0	0	0	0	0	0	0	0	0	0	0	0	0	0	0	0	0	0	0	0	0	0	0	0	0	0	0	0	0
Clostridium_bolteae_CAG_59	0	0	0	0	0	0	0	0	0	0	0	0	0	0	0	0	0	0	0	0	0	0	0	0	0	0	0	0	0	0	16818	0	0	0	0	0	0	0	0	0	0	0	0	0	0	458	464	0	0	0	0	0	0	0	0	0	0	0	0	0	0	3119	0	0	0	0	0	0	0	0	0	0	0	0	0	0	0	0	0	0	0	0	0	0	0	0	0	0	0	0	0	0	0	0	0	0	0	0	0	0	0	0	0	0	0	0	0	0	0	0	0	0	0	0	0	0	0	0	0	2644	0	0	0	0	0	0	0	0	0	0	0	0	0	0	0	0	0	0	0	0	0	0	0	0	0	0
Clostridium_perfringens	0	0	0	0	0	0	0	0	0	0	0	0	0	0	0	0	0	0	0	0	0	0	0	0	0	0	0	0	0	0	0	0	0	0	0	0	0	0	0	0	0	0	0	0	0	0	0	0	0	0	0	0	0	0	0	0	0	0	0	0	0	0	0	0	0	0	0	0	0	0	0	0	0	0	0	0	0	0	0	0	0	0	0	0	0	0	0	0	0	0	0	0	0	0	0	2148577	0	0	0	0	0	0	0	0	0	0	0	0	0	0	0	0	0	0	0	0	0	0	0	0	0	0	0	0	0	0	0	0	0	0	0	0	0	0	0	0	0	0	0	0	0	0	0	0	0	0
Clostridium_sp_ASF356	0	0	0	134	0	0	0	0	0	0	0	0	0	0	0	0	0	0	0	0	0	0	0	0	46	0	0	880	0	0	136	316	361	734	89	46	504	1732	584	496	0	1173	441	633	309	679	318	0	0	136	0	0	181	0	0	183	93	0	92	138	2030	139	78971	91829	306	9292	764	33188	0	9421	180	0	185	0	0	0	0	219	0	0	0	0	0	0	0	46	0	46	0	464	181	0	0	0	0	0	0	0	46	185	0	0	440	0	0	0	0	186	0	0	0	0	0	0	0	0	0	404	46	0	0	277	186	183	0	0	46	0	265	454	47	405	0	0	0	0	225	277	230	0	45	138	0	584	270	618
Clostridium_sp_ASF502	14855	3944	97301	0	5133	8370	578	578	5137	194187	9026	13302	619	92233	2240	29477	2144	66515	3059	2239	704	65172	715	7049	7582	0	2551	3962	4622	4010	6387	10059	21704	30788	0	17585	4144	20690	28685	5019	14603	19563	19291	956	0	13374	9918	16157	86247	11397	33424	34447	476	3891	0	5483	39367	13642	10867	0	11385	8524	8241	28829	0	10250	0	3329	827	1349	22083	8494	2344	7327	5936	125628	11082	13568	20333	25165	9937	49421	26692	16718	20888	55663	5564	30193	5585	2672	3156	10723	10654	3285	28316	0	73303	11658	10665	0	13356	570	23928	2207	9356	13187	10043	0	10311	7988	4721	4864	40487	5567	0	1196	10640	30356	84190	144025	10127	18475	43694	14712	12743	63459	31469	52491	13696	150039	20580	113607	39709	80560	24777	112505	179641	39401	104518	82228	103735	18453	32851	28925	68047	45151
Intestinimonas_butyriciproducens	0	0	0	0	0	0	0	0	0	0	0	0	0	0	0	0	0	0	0	0	0	0	0	0	0	0	0	0	0	0	45132	0	0	0	0	0	0	0	0	0	0	0	0	0	9280	0	0	0	0	0	0	0	0	0	0	0	0	0	0	0	0	0	0	0	0	0	0	0	0	0	0	0	0	0	0	0	0	0	0	0	0	0	0	0	0	0	0	0	0	0	0	0	0	0	0	0	0	0	0	0	0	0	0	0	0	0	0	0	0	0	0	0	0	0	0	0	0	0	0	0	0	0	0	0	0	0	0	0	0	0	0	0	0	0	0	0	0	0	0	0	0	0	0	0	0	0
Anaerofustis_stercorihominis	0	0	0	0	0	0	0	0	0	0	0	0	0	0	0	0	0	0	0	0	0	0	0	0	0	0	0	0	0	0	0	0	0	0	0	0	0	0	0	0	0	0	0	0	0	0	0	0	0	0	0	0	0	0	0	0	0	0	0	0	0	0	0	0	0	0	0	0	0	0	0	0	0	0	0	0	0	0	0	0	0	0	0	0	0	0	0	0	0	0	0	0	0	0	0	0	0	0	0	0	0	0	0	0	0	0	0	0	0	0	0	0	0	0	0	0	0	0	0	0	0	0	0	0	0	0	2017	0	0	0	0	0	0	0	0	0	0	0	0	0	0	0	0	0	0	0
Eubacterium_plexicaudatum	0	0	0	0	0	0	0	0	0	0	0	0	0	0	0	0	0	0	0	0	0	0	0	0	0	0	0	0	0	0	0	0	0	0	0	0	0	0	0	0	0	0	0	0	0	0	0	0	0	0	0	0	0	0	0	0	0	0	0	0	0	0	0	0	0	0	0	0	0	0	0	0	0	0	0	0	0	0	0	0	0	0	0	0	0	0	0	0	0	0	0	0	0	0	0	0	0	0	0	0	0	0	4391	0	0	0	0	0	0	0	0	0	0	0	0	0	0	2118	0	0	0	0	0	0	0	0	0	0	0	0	0	0	0	0	0	0	0	0	0	0	0	0	0	0	0	0
Eubacterium_sp_14_2	1146	1629	3163	0	31332	895	482	482	0	6087	7217	8409	681	11670	2474	65722	1279	6452	403594	9446	32438	166538	6352	1050	102	10555	754	0	13260	978	0	500068	370717	779913	1295	351	5396	3631	2131	0	3955	0	648125	29071	3175	38878	10456	2155	4346	0	1843	2076	3491	2673	157	42869	6178	744	1867	0	0	0	5578	117792	0	22252	38170	0	205	3003	33074	6988	954	3218	343	0	33308	3414	22736	208	0	2570	0	3450	1857	3567	266	3435	1535	0	20523	1310	174679	0	7446	0	0	0	0	0	2710	0	2116	0	0	59533	84543	4564	35042	25537	9174	1331	1963	12268	2735	3308	1613	0	888	2197	434	1704	0	9904	0	110482	0	19858	18678	0	0	0	207	0	7527	726	0	0	4069	301	1244	247	0	0	0	2913
Acetatifactor_muris	427	1902	22187	3005	22155	0	5427	5427	2010	33438	10623	19057	22443	11138	2391	19639	23074	5604	7420	0	0	127718	0	833	17741	15259	4360	166	3318	0	110338	72288	53502	140584	7807	20774	11228	16202	11399	2658	23271	3284	18944	12421	24808	7129	7379	43833	26048	2854	14706	15008	2183	3988	6817	1753	51642	22723	34055	0	45344	0	47686	2424	0	3630	4122	259	8963	0	6971	1394	22834	907	6066	19522	49290	47978	58551	673	0	3149	6333	8118	15826	4222	876	14629	12266	0	60927	29419	11136	1796	31606	0	5558	60945	1256	0	5348	0	7670	241	0	2384	556	0	1074	257	665	827	3064	1365	0	8066	0	8090	80	7612	890	4067	11494	2994	11145	4136	1799	4006	1450	4591	10207	10985	6673	0	0	250	3861	4620	6925	12194	14073	2053	3182	8505	3008	173
Dorea_sp_5_2	671008	269115	487591	27340	293872	394654	328618	328618	683550	660240	777534	692855	475197	425682	291552	1667731	222124	392754	61153	337636	215086	1116303	121738	325429	131173	49837	219327	479219	451559	44937	1918	181934	241630	631000	33106	299052	24382	599396	224317	51737	199574	479946	386456	63824	1059	419149	358465	337049	62951	104234	158050	279199	35197	87631	41271	90606	244242	147933	129781	11029	392455	1537	162601	116723	12351	119556	44215	4867	15106	8573	17223	28412	39053	20135	68630	164796	362625	485423	1112487	521088	243992	255695	172552	82241	203493	1045449	151281	37043	210037	345880	566574	155917	21685	159521	491802	0	1273558	1111789	1088548	202179	2193733	123302	672349	161816	96521	1400246	41531	180397	80774	48196	161614	834422	653814	32008	121305	216711	241691	13872	110425	194942	13807	51952	19817	145742	74310	96554	25695	105947	37362	40146	88733	45223	49519	250835	30154	111114	161344	140631	163339	191777	114422	37143	57638	48683	103425	49659
Clostridium_bolteae	0	0	212	0	0	0	0	0	0	0	0	0	0	0	0	0	0	0	0	0	0	0	0	0	0	0	312	0	0	0	21482	0	0	0	0	213	0	0	0	0	0	0	0	0	0	11727	9314	0	2653	0	8069	4686	0	0	0	0	0	0	0	0	0	8962	0	0	0	0	0	0	0	0	0	0	0	0	0	0	0	0	0	5105	2117	0	0	0	0	0	0	0	0	0	0	0	0	0	0	0	103	0	0	0	0	0	0	0	0	0	1007	0	0	0	0	0	0	0	0	0	0	0	8725	35722	0	0	0	0	0	0	0	0	0	0	0	0	0	0	0	0	0	0	0	0	0	0	0	0	0	0
Clostridium_symbiosum	6452	2807	0	3649	0	1263	0	0	0	0	3408	0	0	0	6988	0	11990	836	4915	6955	12984	4810	7807	571	1678	0	3430	3938	1611	278	43908	1536	2090	0	0	7432	0	4400	4486	10194	0	0	15908	0	36897	1189	3228	3474	102769	10053	3762	2965	5243	5092	4393	10610	0	0	5251	205	912	971201	0	7493	145	0	1632	247552	2275	33817	1883	12993	1715	6570	1675	0	2935	697	5830	3441	11471	13107	2502	1118	8134	0	1391	26266	3553	16599	2916	0	0	0	0	130576	14191	30373	1498	17479	437	46879	3901	6508	0	0	0	1420	0	0	0	0	271	388	1353	0	0	1361	2463	22593	907	16728	21111	0	7178	8200	993	1533	290	0	10470	593	4697	0	129761	4505	3749	2600	0	2445	3646	1366	2380	0	4251	1391
Lachnospiraceae_bacterium_10_1	0	1412	180534	12363	6291953	0	18338	18338	0	245870	0	11478	1268804	0	8148	1009	0	0	733	0	0	148895	0	0	0	547761	399437	3736	0	1283658	47324	4408360	1935057	5263325	590648	2477610	4155784	4386338	93801	2784258	5170263	292971	300189	5659610	18477	3570327	1305551	2111012	12021	263937	6987500	9602	243614	2753115	379879	1690993	100924	1142921	464125	1091617	9734566	10637	707598	18639	741520	576164	2777704	155662	962029	0	4673052	2659888	1486723	4955961	6960739	21699	350970	14354762	4035803	233	0	197398	803815	4067216	125213	94874	0	69838	7927923	458	858	26004	4457984	517288	1628	1100	0	3443	0	0	0	104307	79	0	0	4454	0	0	318	0	0	0	0	0	0	0	0	2174737	3188574	919960	1675165	2309448	12023553	164	3178276	5279342	5212396	4379414	3056147	263618	11981	757814	2434626	2898327	1280	1525655	729189	1524388	483860	5534329	1181977	1964	738076	1044495	1191928	171898
Lachnospiraceae_bacterium_28_4	1579337	2053725	118647	1600273	12252288	216083	4216415	4216415	1628756	200413	299321	9593648	250746	12872388	4400896	32499	257369	125204	5182250	2901	4091	14358904	1749	82787	1708674	13444215	10901	339622	7518397	417	10525	104138	335283	1642692	23831	1228953	14257	4371700	551921	326002	4360830	7172	3835812	11058	13703	2182547	2473057	3112	6025	3039	82627	136929	76273	542	0	156680	726643	2101	46801	60761	5416349	11299	66775	110445	58065	32783	6765	2144318	91679	192327	9018	0	51900	3284490	13624	0	5734	7070	3297	1515702	34058	85089	6845177	784664	152288	0	0	0	4583	4714	11110762	22051	397185	10312239	6225776	3172	6761021	816349	3695	232331	5147413	3899	1806987	21735	641635	2557	15144	388166	24887	25653	193758	118250	673114	776714	274188	1008434	475890	37657	614916	5599296	4017737	3839156	2700111	596	1967	534415	303	7324	53537	1002090	463603	4914973	292976	410234	190	917	3648624	1903629	249890	3736485	4378254	3271112	1160774	8306210	3009018	0
Lachnospiraceae_bacterium_3_1	5518	104966	74110	1034	428745	3176	385159	385159	75178	217922	2170	5717	10771	33448	841	7791	2850	13484	2945	1646	1262	18374	451	7014	3843	907	2684	1390	3450	834	1626	19492	17906	43425	1094	6507	4892	38737	15172	14185	6351	5946	9236	7423	3044	49802	505365	6841	812	48105	63708	6113	3256	6788	1083	6621	14845	7209	8264	1283	3557	0	1027046	75196	1091	73360	3311	91	4046	0	4583	368	57961	3241	2340	5110	8231	19547	573900	3678	911	16212	7120	12893	3319	1800	716	1923	7763	181	17843	3592	2275	5354	1922	0	5631	734	7017	0	5808	0	5741	0	157255	39986	1284	364	1348	808	2590	15663	2183	6360	453	46466	2836	10209	7389	10396	11843	2655	4684	2737	46927	7900	269687	6577	5369	4452	2316	16621	7775	4681	5309	1744	4148	11712	22625	9526	10560	3750	6522	9016	10089	458
Lachnospiraceae_bacterium_3_2	8137	7960	30381	0	25955	7018	10843	10843	10823	75502	10392	62140	5515	6263	439	3162	9517	4108	6180	12757	12946	51174	12264	2594	27732	8355	3977	2104	1953	2649	0	29556	34041	3473	75	26287	12571	121161	17476	2037	67558	1087	24338	16586	0	39629	28054	20642	2406	4871	124481	31797	7084	9774	6704	33772	1569	11088	43492	25368	23963	9519	25937	1255	17989	15361	16810	0	1253	0	5332	12293	8924	40326	8359	34670	25024	37366	162848	30026	1329	21836	8534	166593	27142	26994	5850	71176	29844	1935	14426	9290	0	1206	14671	991	108473	23210	21654	5951	29557	5977	21185	4168	9212	21946	6934	16354	6680	3205	6883	18455	16709	50880	8310	12452	6758	5379	35869	25660	15450	24741	3892	1127	215	13671	0	5654	6720	2144	7647	1347	5667	14788	16998	33817	12978	10604	4376	5689	3111	10469	8124	5404	14387	279182
Lachnospiraceae_bacterium_A2	9748	326	81626	31035	7039	0	7558	7558	1765	115356	928	11170	0	24569	0	0	2736	7280	3560	0	0	4463	0	83	1815	50828	252	0	0	23025	20425	18400	195532	38084	2515	6052	3053	20275	3206	7895	10448	53702	20765	4042	28654	34189	23517	170	332	0	38437	164	10329	23777	0	23309	795	2881	18079	0	379016	2623	4893	12408	0	982	0	0	4741	0	826	3162	1092	13805	971	0	326	37411	11404	5088	0	14104	5284	19246	0	16442	0	163567	17933	0	2033	11270	12892	2500	19403	0	112469	0	0	0	2661	0	7221	0	12520	0	0	3388	467	5966	14508	21686	1678	511	3994	66456	0	16901	0	0	30901	4926	8485	23475	0	6088	7435	1679	9995	0	0	2858	9863	3037	0	250	3522	7008	2333	3288	2285	13702	517	9199	1871	156563
Lachnospiraceae_bacterium_A4	0	0	0	0	0	0	0	0	0	0	0	0	0	0	0	32516	18402	0	23419	0	0	42300	0	0	0	4021	34246	0	22799	0	0	307191	179099	886926	16940	0	212024	0	0	0	0	0	34618	603815	0	593759	326842	0	0	7969	0	0	581528	0	44509	3091	578984	0	0	0	0	0	0	0	0	0	0	0	0	124795	0	240266	0	481731	1333	0	0	62800	0	0	0	0	0	0	0	0	0	0	46342	0	601238	606157	94848	0	79264	66393	77110	712192	129847	0	2240	0	691795	0	0	0	0	0	0	8807	0	0	0	0	715	0	1210	243014	718	1209	604	528	0	43584	0	0	0	0	0	0	0	42610	0	40393	0	0	37309	0	53700	107	0	0	97682	0	0	0
Lachnospiraceae_bacterium_COE1	0	0	0	0	0	0	0	0	0	0	0	0	0	0	0	0	0	0	0	0	0	0	0	0	0	0	0	0	0	6324	0	118444	66076	131749	4813	4033	7928	43411	277139	19483	213243	0	126921	22981	6233	457324	296914	135274	10107	4686	0	311147	81421	82729	104261	91217	83863	118573	220988	13780	44796	4675	0	0	5789	0	14377	0	0	0	0	0	65635	0	5306	295	187493	14951	596787	248520	59041	35379	119689	281064	25377	98839	13275	9454	10817	0	0	0	0	0	0	0	0	0	0	0	0	0	0	0	0	0	0	0	0	0	0	0	0	0	75	0	0	147626	1216	71005	40870	113090	34137	0	2950	72811	0	71766	15718	4314	7086	232574	70291	3631	5193	0	126038	117703	35993	76171	97784	39789	72220	23575	57990	0
Lachnospiraceae_bacterium_M18_1	0	0	872	5014	428	0	0	0	0	458	0	817	1870	867	0	3369	0	89	0	0	0	510	0	0	0	0	0	91	0	619	0	177	1784	1318	0	557	0	986	1461	4185	180	88	2095	0	0	364	264	1412	3502	2911	0	1862	0	0	0	0	2647	951	0	0	0	2064	5813	17032	0	23694	0	7444	0	13338	0	0	0	0	256	1945	0	3220	719	1148	0	966	909	2562	765	956	0	2264	2005	11570	0	1157	349	0	0	0	87	0	0	0	182	0	279	0	0	186	0	0	0	0	0	0	271	0	0	0	0	0	689	2006	0	0	174	21902	7016	712	1342	1542	692	1190	524	3126	632	0	0	9228	361	798	1834	1462	1133	1152	0	3832	451	6168
Oscillibacter_sp_1_3	80434	47069	27307	11606	98127	72827	38026	38026	69302	48084	48043	32850	56849	44987	15823	655738	35582	28452	37392	35640	26864	29308	139364	17567	25567	44297	17286	21496	12667	38914	28320	154267	126601	30023	3078	19793	18587	16417	54432	12625	236324	2842	136794	16005	8686	1347544	281722	417604	63306	9597	33362	562392	16038	83067	9331	92280	63068	367104	17051	14506	33260	13418	669386	63470	12257	304138	14930	20580	185916	25736	55926	21246	100348	24959	33569	52575	856814	108331	1378381	235164	159420	49617	590695	167119	32356	28122	27850	31975	53829	46119	946405	71945	57002	18951	33827	0	71141	34685	1154953	9891	726878	30391	559237	23822	25087	713836	27899	50202	113999	19178	59331	24055	292529	391821	33359	11323	16380	52479	310851	594843	74891	105505	167160	11429	49380	28444	20802	162470	120997	38521	27817	23246	67432	105718	261396	407498	109421	82838	473637	651485	418373	145900	65313	94922	219500	122652
Paeniclostridium_sordellii	0	0	0	0	0	0	0	0	0	0	0	0	0	0	0	0	0	0	0	0	0	0	0	0	0	0	0	0	0	0	0	0	0	0	0	0	0	0	0	0	0	0	0	0	0	0	0	0	0	0	0	0	0	0	0	0	0	0	0	1103420	0	0	0	0	1179835	0	0	0	0	0	0	0	0	0	0	0	0	0	0	0	0	0	0	0	0	0	0	0	0	0	0	0	0	0	0	0	0	0	0	0	0	0	0	0	0	0	0	0	0	0	0	0	0	0	0	0	0	2083	0	0	0	0	0	0	0	0	4879	0	0	0	0	0	0	0	0	0	0	0	0	0	0	0	0	0	0	0
Paraclostridium_bifermentans	0	0	0	0	0	0	0	0	0	0	0	0	0	0	43674	0	0	0	0	0	0	0	0	0	0	0	0	0	0	0	0	0	0	0	0	0	0	0	0	0	0	0	0	0	0	0	0	0	0	0	0	0	0	0	0	0	0	0	0	23789	0	0	0	0	39219	0	0	0	0	0	0	0	0	0	0	0	0	0	0	0	0	0	0	0	0	0	0	0	0	0	0	0	0	0	0	0	0	0	0	0	0	0	0	0	0	0	0	0	0	0	0	0	0	0	0	0	0	0	0	0	0	0	0	0	0	0	0	0	0	0	0	0	0	0	0	0	0	0	0	0	0	0	0	0	0	0
Romboutsia_ilealis	0	0	4344	0	496	10653	0	0	8407	4915	5946	4275	13077	16658	2651	19414	7544	6641	18037	1557	8870	9829	4182	84372	195	5030	9844	8990	4664	25282	3261	11852	6569	11472	7352	1331	23271	0	15538	0	11625	174	8683	16052	6837	4919	4751	6094	11670	3183	3430	12719	1930	33037	16021	5056	2927	11561	10034	4251	0	0	5229	5467	9406	19216	1404	1024	12276	803	26870	132	290	0	5935	2072	3041	5755	10745	1093	0	15582	3627	460	7494	419	0	60490	11081	9320	16738	25992	12692	21560	0	64	10318	15578	4745	11923	1163	2527	4080	7541	13919	1751	618	6322	16335	17607	18077	14650	10929	14219	2826	7043	2144	12670	0	4974	323	1464	0	0	0	0	9210	1612	4821	1491	0	5437	10838	444	6320	9008	12969	3997	4416	6349	14477	23087	12085	22173	58155	35358
Acutalibacter_muris	251	211	0	0	49450	0	0	0	0	0	545	326	0	0	0	120	1142	0	0	0	0	302	42	207	216	0	486	1307	0	7766	0	67320	60229	102444	66573	0	121839	0	0	10493	185543	13781	0	31303	0	0	0	408385	0	39984	0	0	0	0	0	0	0	365816	0	28369	0	70843	47358	23858	23534	93987	0	10837	116946	13976	27327	0	0	265232	18192	163	0	20189	0	0	0	115766	0	84	45093	0	0	116830	17404	0	0	84371	108794	82110	0	0	0	0	0	0	0	10978	0	0	0	209375	0	0	0	0	0	0	211613	61294	0	57131	0	12805	0	0	192689	0	104479	8404	6594	0	0	39264	0	0	0	157	0	0	33856	1265	0	0	105294	122	83	0	0	708312	0	0
Anaerotruncus_colihominis	32223	6326	262	0	23464	13228	7118	7118	14348	1592	18633	31239	5379	21241	13081	28302	3241	51303	4008	778	0	34754	212	9235	5171	14698	6442	14246	3594	863	2386	0	0	0	2735	1739	7403	475	0	432	0	0	0	2265	454	5880	6361	5533	0	0	0	0	0	0	603	0	7163	212	0	0	0	765	544	3280	0	0	0	15186	2329	2430	0	0	0	1031	1020	0	0	4643	0	0	0	0	0	0	0	0	0	0	650	4906	0	0	4441	137	14586	12556	0	0	0	2119	0	0	0	0	0	0	3645	1679	0	0	0	0	13578	796	1270	563	1210	88	0	0	0	0	2758	0	0	0	0	0	0	5919	0	7679	4507	0	0	0	0	0	0	4583	4177	0	0	0	0	0
Anaerotruncus_sp_G3_2012	194698	172162	95585	71784	574633	122374	282975	282975	380374	143307	425061	317308	159916	821095	135160	399735	154397	745713	315192	345869	324366	777177	172586	218546	248640	459318	94317	163365	232834	16590	4983	376462	182261	118224	46984	90174	115049	281564	284307	45140	124406	20205	185149	76473	28141	130937	132215	175831	83504	20084	54428	140896	33419	103817	36275	56766	86815	140350	172050	11898	271308	27486	287739	652138	11137	251835	118172	377235	71599	284209	134773	28775	325841	308868	80348	87431	231849	587935	253743	156550	74363	47136	226631	106808	55548	245375	71321	35707	271021	77731	394664	168580	327413	298081	191522	70244	225766	251284	625639	96406	371872	36207	575096	74371	242952	318890	249858	144738	284960	118009	334584	142629	203566	152293	91915	122282	151034	141261	21319	16712	71944	47562	94746	29659	13170	47268	40835	86181	40519	85416	23899	124122	46804	13455	124865	53169	44237	24892	25381	159740	47896	17057	25983	25170	39909	19124
Flavonifractor_plautii	1976	2321	2103	16554	0	0	0	0	0	867	464	7302	0	5307	0	2146	1486	0	0	0	0	14385	0	0	0	2819	0	0	0	10492	80728	0	0	0	0	0	0	0	0	0	0	0	0	0	9942	0	0	0	509691	0	0	0	0	0	0	0	879	0	0	0	0	83265	0	0	0	0	0	0	0	0	0	0	924	4375	0	0	0	0	0	0	0	0	0	0	0	0	0	0	0	0	0	0	0	0	0	94572	0	0	0	11434	0	484	0	55611	0	0	0	0	0	0	0	0	1359	0	0	8565	0	0	1152	3800	0	53	23488	0	9582	7101	16913	0	5014	9168	15216	14358	0	2354	0	0	1920	5708	2258	0	0	0	3056	0	0	0
Harryflintia_acetispora	0	0	0	0	0	0	0	0	0	0	0	0	0	0	0	0	0	0	0	0	0	0	0	0	0	0	0	0	0	0	0	0	0	0	0	0	0	0	0	0	0	0	0	0	0	1779	1042	0	0	0	0	0	0	0	0	0	0	0	0	0	0	0	0	0	0	0	0	0	0	0	0	0	0	0	0	0	0	0	0	0	0	0	0	0	0	0	0	0	0	0	0	0	0	0	0	0	0	0	0	0	0	0	0	0	0	0	0	0	0	0	0	0	0	0	0	0	0	0	0	0	0	0	0	0	0	0	0	0	0	0	0	0	0	0	0	0	0	0	0	0	0	0	0	0	0	0
Pseudoflavonifractor_capillosus	0	0	0	0	0	0	0	0	0	0	0	0	0	0	0	0	0	0	0	0	0	0	0	0	0	0	0	0	0	0	0	0	0	0	0	0	0	0	0	0	0	0	0	0	0	0	0	0	0	0	0	0	0	0	0	0	0	0	0	0	0	0	0	0	0	0	0	0	0	0	0	0	0	0	0	0	0	0	0	0	0	0	0	0	0	0	0	0	0	0	0	0	0	0	0	0	0	0	0	0	0	0	0	0	0	0	0	0	0	0	0	0	0	0	0	0	0	0	0	0	0	0	0	0	171	0	0	0	0	0	0	0	0	0	0	0	0	0	0	0	0	0	0	0	0	0
Clostridium_methylpentosum	2398	8236	1818	615	1144	0	0	0	94	679	97	0	4804	0	4627	1487	1060	1048	4913	437	4087	3435	2500	1346	3251	1760	6104	2765	4914	0	49	0	0	0	0	1119	0	452	0	99	0	429	4974	0	0	2573	2487	355	1391	0	2973	2844	793	2182	5562	1449	0	1584	0	1653	0	2309	0	420	2379	195	1017	0	986	378	666	3137	48	2708	3604	799	1475	3644	2515	0	531	3025	488	520	2335	194	91	6917	7451	1266	2795	48	0	880	1066	0	276	567	524	2654	598	2140	1119	2391	2405	1783	6058	2134	312	519	624	2929	3964	4059	1815	3905	2774	5976	249	10695	0	8796	0	878	3072	1634	0	3079	0	0	849	0	399	1646	601	4750	2793	2489	0	456	688	2114	1449	0	1142	3860
Ruthenibacterium_lactatiformans	0	0	0	0	0	0	0	0	0	0	0	963	0	0	0	8387	0	0	0	0	0	0	0	0	0	0	0	0	0	0	0	0	0	0	0	0	0	0	0	0	0	0	0	0	0	0	0	0	0	0	0	0	0	0	0	0	0	0	0	0	0	0	0	0	0	0	0	0	0	0	0	0	0	0	0	0	0	0	0	0	0	0	0	0	0	0	0	0	0	0	0	0	0	0	0	0	0	0	0	0	0	0	0	0	0	6351	0	0	0	0	0	0	9399	0	0	0	0	1372	0	0	0	0	0	0	0	0	0	0	0	0	0	0	0	0	0	0	0	0	0	0	0	0	0	0	0	0
Dubosiella_newyorkensis	765833	683650	2616132	94738	0	5790	1399368	1399368	7244	1966082	0	399983	0	157221	374215	228329	0	893273	0	571589	1767357	101468	1065148	450397	452516	829781	1560468	174590	950	104834	2659	80464	144948	152839	31513	41864	22404	84657	86175	363573	210259	189541	0	36518	19722	0	0	81236	103389	13006	33748	109451	546794	0	0	1516302	84208	124116	0	311106	53306	0	998644	827905	603654	3478790	137880	0	264562	722	3393	104395	365072	2917485	168698	175337	66298	71373	107556	753806	1246495	2303079	1645764	255896	972826	94082	236974	3080	74430	474163	697703	0	213118	1834581	81957	347087	472043	399953	641317	1730161	1610	127370	0	243839	37529	0	1691	1165638	154447	286527	64316	288683	638428	401921	936916	146363	0	720628	0	2740	3369187	0	430815	571204	63414	0	139409	0	0	253668	0	391194	0	0	0	188	25264	0	0	0	0	0	0	64924	0	0
Clostridium_cocleatum	16106	116939	4793	5594	5168	2729	115	115	3632	5172	3913	513	49147	1000	320315	8093	16106	15733	47347	10895	40392	42587	55986	25628	28753	22754	14826	11117	57913	47914	9914	13432	12678	18905	53811	80687	3321	14143	2053	50104	5993	21523	27542	5505	361	29272	61253	1725	107174	143730	16615	46700	43369	38972	59638	17102	15848	5344	32557	6196	475	491108	8010	5569	15650	21140	19642	128664	180329	77805	26057	43319	7791	47905	33682	1959	34115	29477	143886	5259	14240	87908	7398	40234	116984	4031	4101	309073	68348	653	54614	6469	12308	19732	8723	121012	4272	9875	11684	272579	14563	0	22618	8158	11229	5129	415776	28489	5527	41205	2609	12115	25581	33732	30588	18550	39007	29072	12212	17648	2677	6223	0	2483	50181	564	12708	1289	3341	7709	31702	163909	14693	43138	2184	98450	30742	117189	883	1261	1611	8675	20718	28351	816	62182
Clostridium_innocuum	0	0	0	0	0	0	0	0	0	0	0	0	0	0	0	0	0	0	0	0	0	0	0	0	0	0	0	0	0	0	0	0	0	0	0	0	0	0	0	0	0	0	0	0	0	0	0	0	6425	0	0	0	0	0	0	0	0	0	0	0	0	0	0	0	0	0	0	0	0	0	0	0	0	0	0	0	0	0	0	0	0	0	0	0	0	0	0	0	0	0	0	0	0	0	0	6208	0	0	0	0	0	0	0	0	0	0	0	0	0	0	0	0	0	0	0	0	0	0	0	0	0	0	0	0	0	0	0	0	0	0	0	0	0	0	0	0	0	0	0	0	0	0	0	0	0	0
Faecalibaculum_rodentium	2798076	3828585	10814723	1692046	1864637	1325119	3416689	3416689	1538875	8835878	734457	4054863	1261934	2261789	1399167	1085446	1104687	13156334	1189251	759838	1836778	831603	1281907	2770494	686147	73471	12885149	926710	3606974	4946723	299399	459094	558607	1006515	2070593	4947319	1987156	4043486	264086	1488741	2694789	1634224	4361311	5001782	720129	798165	2076497	549870	1235262	1124852	726126	1451156	3581890	2480132	1337482	4434847	686924	1477738	375840	1593913	7127951	35932	388104	281443	3431585	1109521	1326786	3608	3044056	23103	2372836	6347758	632098	2291432	5589729	785428	2631754	1093320	4169589	866221	1544788	1265722	1261364	3390644	781753	816342	1214059	3277999	2580615	3536121	1665433	2236303	2314964	6991456	1752006	3083022	1093510	753452	549873	5040741	487392	322413	1175290	2731800	396327	1348895	936448	4420127	2000722	2629946	1346004	2420388	3874867	3651608	4087414	702528	1497381	1618899	897339	2490574	1806285	457459	127539	5702946	3316340	3933221	1733873	704030	2618244	552839	955607	885203	314463	1003744	394044	531395	37247	913586	210377	1583013	1984240	1069369	166256	76591	917871	621776
Ileibacterium_valens	2387	4776	12248	0	1592	2388	5571	5571	5053	14310	6368	4773	5802	795	8860	2386	795	3182	795	3183	795	1591	2387	19513	1591	4775	53064	104263	1591	0	0	23933	62462	33582	7958	6367	23266	8423	1592	13052	1592	3807	796	47763	0	5500	8308	2676	2388	0	0	1592	1653	0	0	2490	207188	861	0	0	3184	782	0	2305	0	782	0	795	795	5043	0	0	782	3911	795	1591	3184	795	796	3184	4776	2346	8323	795	782	0	829	0	829	4090	7957	0	795	6365	5571	4774	56399	37340	3183	3529	795	795	0	9903	1591	3183	782	4773	5572	3979	3184	2386	5571	3858	3183	796	3979	6829	796	796	3307	0	795	3183	34371	0	3183	11601	0	1659	1591	6944	1591	0	4645	1849	795	0	64027	2387	795	795	5053	1591	795	0
Firmicutes_bacterium_ASF500	3315	2279	2611	880	11254	4353	7805	7805	4487	5217	460389	6426	5567	4117	2320	6247	2228	3042	1978	3946	4388	4361	1735	2098	3409	8080	2130	3354	2491	5713	809	12771	8325	26326	3894	5021	35212	13993	614139	68959	72758	14754	4703	4869	236	8839	2978	5159	78716	12340	3397	6189	3079	1402	727	1408	165697	4016	6404	305	6825	2772	417951	98781	675	78241	293	73888	1740	159471	9969	2939	7858	1058	2595	13398	3887	11961	12880	6457	2867	5784	5421	3586	2486	8264	3681	3901	5903	1575	37050	6938	1927	9962	9580	0	519377	107285	60432	470	11381	1973	4861	137910	2488	371563	2984	2188	7418	1231	4195	3049	4152	302093	836	1881	1045	5794	1272	1731	4786	2110	2069	2078	696	5943	6346	37814	998	4871	27945	15570	4093	1313	406	8155	3676	1199	1369	8451	3286	1502	345	5621	38785	2515
Victivallis_vadensis	0	0	0	0	0	0	0	0	0	0	0	0	0	0	0	0	0	0	0	0	0	0	0	0	0	0	0	0	0	0	0	0	0	0	0	0	0	0	0	0	0	21855	0	0	0	0	0	0	0	0	0	0	0	0	0	0	0	0	0	0	0	0	0	0	0	0	0	0	0	0	0	0	0	0	0	0	0	0	0	0	0	0	0	0	0	0	0	0	0	0	0	0	0	0	0	0	0	0	0	0	0	0	0	0	0	0	0	0	0	0	0	0	0	0	0	0	0	0	0	0	0	0	0	0	0	0	0	0	0	0	0	0	0	0	0	0	0	0	0	0	0	0	0	0	0	0
Aquamicrobium_aerolatum	0	0	0	0	0	0	0	0	0	0	0	0	0	0	0	0	0	0	0	0	0	0	0	845	0	0	0	0	0	0	0	0	0	0	0	0	0	0	0	0	0	0	0	0	0	0	0	0	0	0	0	0	0	0	0	0	0	0	0	0	0	0	0	0	0	0	0	0	0	0	0	0	0	0	0	0	0	0	0	0	0	0	0	0	0	0	0	0	0	0	0	0	0	0	0	0	0	0	0	0	0	0	0	0	0	0	0	0	0	0	0	0	0	0	0	0	0	0	0	0	0	0	0	0	0	0	0	0	0	0	0	0	0	0	0	0	0	0	0	0	0	0	0	0	0	0
Alcaligenes_faecalis	0	0	0	0	0	0	0	0	0	0	0	0	0	0	0	0	0	0	0	0	0	0	0	262788	0	0	131607	47960	0	0	0	0	0	0	0	0	0	0	0	0	0	0	0	0	0	0	0	0	0	0	0	0	0	0	0	0	0	0	0	0	0	0	0	0	0	0	0	0	0	0	0	0	0	0	0	0	0	0	0	0	0	0	0	0	0	0	0	290	0	0	0	0	0	0	0	0	0	0	0	0	0	0	0	0	0	0	0	0	0	0	0	0	0	0	0	0	0	0	0	0	0	0	0	0	0	0	0	0	0	0	0	0	0	0	0	0	0	0	0	0	0	0	0	0	0	0
Paenalcaligenes_hominis	0	0	24269	26965	5906	0	0	0	0	33437	0	5985	0	73884	404	14542	0	0	0	0	0	0	1125	367796	0	6513	124577	65200	0	31925	1332	0	0	0	0	0	4854	0	0	46475	0	1618	0	1653	4885	0	0	1348	0	1198	0	0	4315	0	297	0	0	7870	0	1132	0	0	0	0	1710	0	0	0	0	0	0	2427	0	0	0	0	0	0	0	0	0	22113	0	1067	5665	0	0	18061	0	0	0	0	885	36970	0	0	0	0	0	1288	0	0	0	0	0	0	0	17190	0	0	0	23068	0	0	12458	0	159750	142395	0	0	21844	0	0	0	8630	0	13969	0	0	0	0	0	0	0	0	60439	0	0	59763	0	0	0	0	0	0	37486
Turicimonas_muris	3381189	5255221	2107222	920608	334157	453918	670334	670468	204654	1820568	536630	604299	1247466	40840	3412834	266352	1574182	1239696	1184104	249496	1375040	4995	350521	221326	3903075	1956856	2538190	358697	7340224	493494	56464	244706	351771	312471	348523	1045151	234793	1451583	577240	345276	1988894	700877	2705724	484604	424529	485626	1965475	444333	581958	438836	1101373	3052273	3427285	6605010	2161880	5332000	405791	377272	1409870	3265571	4907774	792916	1241247	746975	5039855	1773512	1830373	39111	1599646	85717	843812	1707860	506976	1115408	1689165	483631	4323137	296881	3653155	839128	2080182	1713078	1551595	1221217	744578	772412	2463376	1463218	551528	1352839	2367288	980055	883514	1000474	178993	4523871	112448	125791	315367	7706619	77514	148879	2153867	3290512	279189	103141	90483	5315797	735411	1881710	401644	1073687	3958382	8759682	5094189	779473	697656	1901712	3973865	2074587	659491	651122	2102563	1705153	386754	1953589	232382	57530	1542155	1680654	258378	598709	54921	735688	256144	793158	229167	2504516	91653	3592988	3153123	218056	310847	46466	2604022	2411405
Neisseria_elongata	0	0	0	0	0	0	0	0	0	0	0	0	0	0	0	0	0	0	0	0	0	0	0	0	0	0	0	0	0	0	0	0	0	0	0	0	0	0	0	0	0	0	0	0	0	0	0	0	0	0	0	0	0	0	0	0	0	0	0	0	0	0	0	0	0	0	0	0	0	0	0	0	0	0	0	0	0	0	0	0	0	0	0	0	1746	0	0	0	0	0	0	0	0	0	0	0	0	0	0	0	0	0	0	0	0	0	0	0	0	0	0	0	0	0	0	0	0	0	0	0	0	0	0	0	0	0	0	0	0	0	0	0	0	0	0	0	0	0	0	0	0	0	0	0	0	0
Neisseria_flavescens	0	0	0	0	0	0	0	0	0	0	0	0	0	0	0	0	0	0	0	0	0	0	0	0	0	0	0	0	0	0	0	0	0	0	0	0	0	0	0	0	0	0	0	0	0	0	0	0	0	0	0	0	0	0	0	0	0	0	0	0	0	0	0	0	0	0	0	0	0	0	0	0	0	0	0	0	0	0	0	0	0	0	0	0	0	0	0	0	0	0	638	0	0	0	0	0	0	0	0	0	0	0	0	0	0	0	0	0	0	0	0	0	0	0	0	0	0	0	0	0	0	0	0	0	0	0	0	0	0	0	0	0	0	0	0	0	0	0	0	0	0	0	0	0	0	0
Neisseria_subflava	0	0	0	0	0	0	0	0	0	0	0	0	0	0	0	0	0	0	0	0	0	0	0	0	0	0	0	0	0	0	0	0	0	0	0	0	0	0	0	0	0	0	0	0	0	0	0	0	0	0	0	0	0	0	0	0	0	0	0	0	0	0	0	0	0	0	0	0	0	0	0	0	0	0	0	0	0	0	0	0	0	0	0	0	0	0	0	0	0	0	97	0	0	0	0	0	0	0	0	0	0	0	0	0	0	0	0	0	0	0	0	0	0	0	0	0	0	0	0	0	0	0	0	0	0	0	0	0	0	0	0	0	0	0	0	0	0	0	0	0	0	0	0	0	0	0
Desulfovibrionaceae_bacterium	0	0	1381	0	0	12062	16024	16024	13255	1281	0	695	0	11590	2231	7815	0	8495	0	0	0	0	0	0	0	0	0	0	0	366	103284	0	0	0	0	0	0	0	0	0	0	0	0	54	18909	0	0	0	0	0	0	0	0	0	0	0	744	0	0	0	0	220	4825	3111	0	5114	0	53	108	0	0	0	0	0	108	1324	0	0	0	0	0	53	0	0	105	0	0	0	105	320	0	0	143499	53	0	738452	0	0	0	476	0	0	0	0	0	0	0	316	0	0	0	0	0	0	213	0	0	0	0	0	0	0	0	0	0	0	211	0	0	0	0	0	0	0	0	0	0	0	0	0	0	0	0	0	0	0
Helicobacter_hepaticus	0	0	79	0	0	0	0	0	0	0	0	0	0	78	73	0	0	0	0	0	0	0	0	0	0	0	0	0	0	0	832	0	0	0	0	0	0	0	0	0	0	0	0	0	0	0	0	0	0	0	0	0	0	0	0	0	0	0	0	0	0	0	0	0	0	0	0	0	0	0	0	0	0	0	0	0	0	0	0	0	0	0	0	0	0	0	0	0	0	0	0	0	0	79	0	0	0	0	0	0	0	0	0	0	0	0	0	0	0	0	0	0	0	0	0	0	0	0	0	0	0	0	0	0	554	0	0	0	0	73	0	0	0	0	0	0	0	0	0	0	0	0	0	0	0	0
Helicobacter_japonicus	0	0	1224240	238591	0	0	0	0	0	1187825	0	733806	0	2565348	5626569	0	0	3384214	0	0	0	1255356	0	3206	0	0	82	6631	0	2256	5483912	0	0	0	0	0	0	0	0	1025	0	794	0	0	2983449	0	0	734	0	0	0	0	0	0	0	3133	0	0	0	428501	0	111793	0	0	622574	0	0	345291	1266695	415528	0	0	0	632256	0	0	0	0	0	0	0	0	0	340	0	0	0	0	0	1524531	0	0	1381156	1529459	6029333	372829	0	0	0	336	0	160682	0	844548	0	0	0	2647	0	2346	0	421	0	0	4331	0	0	280	0	0	5388	0	0	868	4249685	0	2014100	0	0	6750265	0	2776873	0	0	0	36986	0	0	0	0	0	2829	0	610292	0	562517
Helicobacter_typhlonius	0	0	0	0	0	0	0	0	0	0	0	0	0	0	0	0	0	0	0	0	0	0	0	0	0	0	0	0	0	0	0	0	0	0	0	0	0	0	0	0	0	0	0	0	0	0	0	0	0	0	0	0	0	0	0	0	0	0	0	0	0	0	0	0	0	0	0	0	0	0	0	0	0	0	0	0	0	0	0	0	0	0	0	0	0	0	0	0	0	0	0	0	0	0	0	0	0	0	0	0	0	0	0	0	0	24	0	0	0	6369	0	0	0	0	0	0	0	0	0	0	0	0	0	0	0	0	0	0	0	0	0	0	0	0	0	0	0	0	0	0	0	0	0	0	0	0
Enterobacter_bugandensis	0	0	0	0	0	0	0	0	0	0	0	0	0	0	0	0	0	0	0	0	0	0	0	0	0	0	0	0	0	9998	0	0	0	0	0	0	0	0	0	0	0	0	1084	0	0	0	0	0	0	0	0	0	0	0	0	0	0	0	0	0	0	0	0	0	0	0	0	0	0	0	0	0	0	0	0	0	0	0	0	0	0	0	0	0	0	0	0	0	0	0	0	0	0	0	0	0	0	6522	0	0	0	0	0	3137	0	0	0	0	0	0	0	0	0	0	0	0	0	0	0	0	0	0	0	0	9602	0	0	0	0	0	0	0	0	0	0	0	0	0	0	0	0	0	0	0	0	0
Enterobacter_cloacae_complex	0	0	0	2049	0	0	0	0	0	4430	0	0	0	0	0	0	0	0	0	0	0	0	0	0	0	0	0	2311	0	0	0	0	0	0	0	0	0	0	2298	6486	0	302399	0	0	0	0	0	0	0	0	0	0	0	0	0	0	0	0	0	0	0	0	0	0	128	0	0	1657374	0	159750	0	1754	0	0	0	0	0	0	0	0	29860	0	0	35500	0	0	0	0	0	368240	0	0	0	0	0	0	0	0	0	0	0	0	0	0	0	0	0	0	0	0	0	0	0	0	0	0	0	0	0	0	1202	0	0	0	0	2928	0	0	0	0	0	0	0	0	91534	0	0	0	0	0	0	0	0	0	0	0
Escherichia_coli	0	0	0	6323	0	0	0	0	0	6882	0	0	0	0	153439	5263	3757	0	53386	242030	79646	23514	103792	2150	0	0	0	5300	0	3200684	4805003	1069	0	5380	1917432	0	21248	0	0	10532	3536	0	0	46966	1419798	57760	0	0	374	24072	0	0	8730	0	0	0	0	0	0	237669	0	2587302	16023	348	397630	0	54898	3429978	53919	6647020	1996	0	12369	2152763	0	3478	0	0	0	7870	319251	0	0	7666	1460	4647	60771	1925562	0	631491	4750	0	95379	1616716	0	1163	0	0	0	2055757	2161	4914639	0	2011	23059	8472	5142203	235160	0	12875	0	0	1496	1024	296226	1613	93568	257351	0	5086	2244946	0	10039331	2052669	0	452	208249	256269	0	0	4274925	0	358	0	0	1470	739	0	0	0	0	0	10114	0	0	193883
Klebsiella_michiganensis	0	0	0	0	0	0	0	0	0	0	0	815	0	0	0	0	0	0	0	0	0	0	0	0	0	0	0	0	0	0	0	0	0	0	0	0	0	0	0	0	0	0	0	0	0	0	0	0	0	0	0	0	0	0	0	0	0	0	0	0	0	0	0	0	0	0	0	0	0	0	0	0	0	0	0	0	0	0	0	0	0	0	0	0	0	0	0	0	0	0	0	0	0	0	0	0	0	0	0	0	0	0	0	0	0	0	0	0	0	0	0	0	0	0	0	0	0	0	0	0	0	0	0	0	0	0	0	0	0	0	0	0	0	0	0	0	0	0	0	0	0	0	0	0	0	0
Pantoea_ananatis	0	0	0	0	0	0	0	0	0	0	0	0	0	0	0	0	0	0	0	0	0	0	0	0	0	0	0	0	0	0	0	0	0	0	0	0	0	0	0	0	0	0	0	0	0	0	0	0	0	0	0	0	0	0	0	0	0	0	0	0	0	0	0	0	0	0	0	0	0	0	0	0	0	0	0	0	0	0	0	0	0	0	0	0	0	0	0	0	0	0	0	0	0	0	0	0	0	0	0	0	0	0	0	0	0	0	0	0	0	0	0	0	0	0	0	0	0	0	0	0	0	0	0	0	0	0	0	0	0	0	0	0	0	0	0	0	0	0	0	0	0	0	628	0	0	0
Rodentibacter_heylii	0	0	0	0	0	0	0	0	0	0	0	0	0	0	0	0	0	0	0	4124	8796	0	0	36345	8720	0	0	0	0	0	0	0	0	0	0	0	0	0	0	0	0	0	0	0	0	0	0	0	0	0	0	0	0	3099	0	0	0	0	918	0	0	0	0	0	0	0	0	0	0	0	0	0	0	0	0	0	0	0	0	0	0	0	0	0	0	0	0	0	0	0	0	0	0	0	0	0	0	0	0	0	0	0	0	0	0	0	0	0	0	0	0	0	0	0	0	0	0	0	0	0	0	0	0	0	0	0	0	0	0	0	0	0	0	0	0	0	0	0	0	0	0	0	0	0	0	0
Acinetobacter_johnsonii	0	180	0	0	0	0	0	0	0	0	0	0	0	0	0	0	0	0	0	0	0	0	0	0	0	0	0	0	0	0	0	0	0	0	0	0	0	0	0	0	0	0	0	0	0	0	0	0	0	0	0	0	0	0	0	0	0	0	0	0	0	0	0	0	0	0	0	0	0	0	0	0	0	0	0	0	0	0	0	0	0	0	0	0	0	0	0	0	0	0	0	0	0	0	0	0	0	0	0	0	0	0	0	0	0	0	0	0	0	0	0	0	0	0	0	3317	0	0	0	0	0	0	0	0	0	0	0	0	0	0	0	0	0	0	0	0	0	0	0	0	0	0	0	0	0	0
Psychrobacter_pasteurii	0	0	20308	7771	2794	0	0	0	0	19645	0	2050	0	21489	242	22964	0	0	0	432	0	0	7472	236209	0	0	161798	34948	0	10525	1954	0	0	0	0	0	41235	0	0	7888	0	0	0	5454	385	0	0	355	0	1244	0	0	2064	0	0	0	762	6712	0	0	0	0	0	0	239	0	0	0	0	0	0	543	0	0	63	0	0	0	0	0	0	44191	0	1978	4991	0	0	10103	418	0	0	0	0	7120	0	0	0	0	0	1963	0	0	0	0	540	0	295	21956	0	0	0	13293	0	0	35673	0	53876	51041	0	0	10858	955	0	7262	1138	238	299	0	0	0	0	0	189	0	0	72546	0	0	15275	0	0	181	0	0	0	20431
Psychrobacter_piechaudii	0	0	0	0	0	0	0	0	0	0	0	0	0	0	0	0	0	0	0	0	0	0	0	2780	0	0	1964	112	0	0	0	0	0	0	0	0	0	0	0	0	0	0	0	0	0	0	0	0	0	0	0	0	0	0	0	0	0	0	0	0	0	0	0	0	0	0	0	0	0	0	0	0	0	0	0	0	0	0	0	0	0	577	0	0	0	0	0	0	0	0	0	0	0	0	0	0	0	0	0	0	0	0	0	0	0	0	0	0	0	0	0	0	0	0	0	0	336	590	0	0	0	0	0	0	0	0	0	0	0	0	0	0	0	0	0	346	0	0	0	0	0	0	0	0	0	115
Xanthomonas_sacchari	0	0	0	0	0	0	0	0	0	0	0	0	0	0	0	0	0	0	0	0	0	0	0	0	0	0	0	0	0	0	0	0	0	0	0	0	0	0	0	0	0	0	0	285	0	1518	0	0	0	0	0	0	0	2482	3939	466	0	0	0	0	0	0	0	0	0	0	0	0	0	0	0	0	0	0	0	0	0	0	0	0	0	0	0	0	0	0	0	0	0	0	0	0	0	0	0	0	0	0	0	0	0	0	0	0	0	0	0	0	0	0	0	0	0	0	0	0	0	2835	0	2524	142	1646	0	5462	3075	2292	673	1233	1132	0	422	0	0	1781	0	6570	1377	6576	0	0	784	2983	2116	0	2245	0
Fretibacterium_fastidiosum	0	154	0	0	315	140	157	157	0	0	140	472	149	185	0	299	0	0	599	0	449	483	0	0	0	161	268	153	0	0	0	0	153	0	0	0	0	0	771	0	0	0	157	0	0	157	157	0	315	0	0	0	0	0	0	0	315	0	157	0	0	0	473	788	0	157	0	0	157	0	0	0	0	0	0	0	157	630	0	0	0	0	0	0	0	0	0	0	0	161	161	0	140	0	140	0	299	599	150	153	0	0	140	0	299	630	0	161	617	157	473	0	170	157	0	0	0	0	0	0	0	0	472	0	0	0	0	0	0	161	0	293	161	0	0	0	0	0	0	0	0	0	0	0	0	0
Akkermansia_muciniphila	153727	3818818	1427	32058732	250271	187	1978004	1978034	0	19463	0	6877	615410	1920	5722492	1069626	4601	869	2855514	14446	335238	69635	804006	19438	4805	213552	33	85531	1331023	1560	1789595	358654	369294	10712	736	6626979	0	1878534	611782	571896	696438	949718	5271	186	9543118	1042014	5969751	25924	3575341	2040801	62261	51535	79472	4881846	8651862	20054	820257	8883	928	16600928	191748	9521203	3635580	353423	20161880	7325615	1824175	6409651	658119	10588585	7337094	2288771	6558444	5474	29938	280092	4500104	62079	1675617	279057	1923117	241521	0	5020425	948089	902741	4702047	149270	310317	436745	19540	0	0	10092	0	0	45130	401447	649	7860993	609907	355182	0	1455256	4456	37465	1715284	2518757	2630	1311	11345	459	895167	340877	2434337	1943212	195660	5786	23172	13911	256474	1343	2849753	3224183	10414593	134910	905918	221	13086	173398	15538215	12857107	4394	2587657	17498	79527	516038	1483636	1386	4065	10857	5427	1415788	2471	72191	751491
