clade_name	WT_M_3_1	WT_M_3_2	WT_M_3_3	WT_M_3_4	WT_M_3_5	WT_M_1_1	WT_M_1_2	WT_M_1_3	WT_M_1_4	WT_F_3_1	WT_F_3_2	WT_F_3_3	WT_F_3_4	WT_F_3_5	WT_F_3_6	WT_F_1_1	WT_F_1_2	WT_F_1_3	WT_F_1_4	WT_F_1_5	WT_F_3_7	W_M_3_8	W_M_3_7	W_M_3_6	W_M_3_5	W_M_3_4	W_M_3_3	W_M_3_2	W_M_3_1	W_M_1_8	W_M_1_7	W_M_1_6	W_M_1_5	W_M_1_4	W_M_1_3	W_M_1_2	W_M_1_1	W_F_3_8	W_F_3_7	W_F_3_6	W_F_3_5	W_F_3_4	W_F_3_3	W_F_3_2	W_F_3_1	W_F_1_8	W_F_1_6	W_F_1_5	W_F_1_4	W_F_1_3	W_F_1_2	W_F_1_1	P_M_3_8	P_M_3_7	P_M_3_6	P_M_3_5	P_M_3_4	P_M_3_3	P_M_3_2	P_M_3_1	P_M_1_8	P_M_1_7	P_M_1_6	P_M_1_5	P_M_1_4	P_M_1_3	P_M_1_2	P_M_1_1	P_F_3_8	P_F_3_7	P_F_3_6	P_F_3_5	P_F_3_4	P_F_3_3	P_F_3_2	P_F_1_7	P_F_1_6	P_F_1_5	P_F_1_4	P_F_1_3	P_F_1_2	P_F_1_1	C_M_1_1	C_M_1_2	C_M_1_3	C_M_1_4	C_M_1_5	C_M_1_6	C_M_1_7	C_M_1_8	C_M_1_9	C_M_1_10	C_M_1_11	C_M_1_12	C_F_1_1	C_F_1_2	C_F_1_3	C_F_1_4	C_F_1_5	C_F_1_6	C_F_1_7	C_F_1_8	C_F_1_9	C_F_1_10	C_F_1_11	C_F_1_12	C_F_1_13	C_F_1_14	B_M_3_1	B_M_3_2	B_M_3_3	B_M_3_4	B_M_3_5	B_M_1_1	B_M_1_2	B_M_1_3	B_M_1_4	B_M_1_5	B_M_1_6	B_M_1_7	B_M_1_8	B_M_1_9	B_M_1_10	B_M_1_11	B_M_1_12	B_F_3_1	B_F_3_2	B_F_3_3	B_F_3_4	B_F_3_5	B_F_3_6	B_F_3_7	B_F_3_8	B_F_1_1	B_F_1_2	B_F_1_3	B_F_1_4	B_F_1_5	B_F_1_6	B_F_1_7	B_F_1_8	B_F_1_9	B_F_1_10	B_F_1_11	C_M_3_1	C_M_3_2	C_M_3_3	C_M_3_4	C_M_3_5	C_M_3_6	C_M_3_7	C_M_3_8	C_F_3_1	C_F_3_2	C_F_3_3	C_F_3_4	C_F_3_5	C_F_3_6	C_F_3_7	C_F_3_8
Bifidobacterium_animalis	0	0	0	0	0	0	0	0	0	0	0	0	0	0	0	0	0	0	0	0	0	0	0	2304	0	0	0	0	1125	498	0	0	0	0	0	2777	371	0	1050	533	577	0	470	1169	0	0	0	0	798	1362	1581	1281	0	0	0	0	0	0	0	0	0	0	0	0	0	0	0	0	0	0	0	0	0	0	0	0	0	0	0	0	0	0	0	0	0	0	0	0	0	0	0	0	0	5882	0	0	0	0	0	0	0	0	0	0	696	0	0	0	0	0	0	0	1945	0	0	0	0	0	0	0	0	0	0	0	0	0	0	0	0	0	0	0	0	0	0	0	0	0	0	0	0	0	0	0	0	0	0	0	0	0	0	0	0	0	0	0	0	0	0	0
Bifidobacterium_pseudolongum	3010069	146763	2468941	134649	98279	631839	693753	625262	162692	44145	139344	323646	42448	71637	429026	699905	2921	60	73569	1112	136557	5533	13810	29575	25324	421	411517	69458	29939	430781	507950	24223	100600	94307	97247	128272	12099	17860	526032	68114	38414	69112	467199	137272	194572	36310	162329	19383	40530	136639	119975	29126	32661	1567	140137	6944	51127	82508	52275	21923	50521	209146	1138526	150013	145938	36895	126925	240766	342413	64323	214687	89727	640755	208538	470355	315162	25273	615333	547111	206239	306942	222598	6527	30210	858	5632	720	1090	9297	20051	14728	8306	5867	8222	140902	17017	70577	2806	18604	11559	12841	25765	99823	30407	53077	6481	17037	5549	6850	77367	13690	27934	29667	737292	714292	6932	97511	31966	25219	15467	30367	264800	44476	25773	190968	96910	59528	35006	97707	56848	42355	147574	15963	52217	6612	8057	50648	8975	1498	22176	7100	115921	4433	242981	1942	131	32056	16682	7402	7826	5717	9365	1133	328	870	12768	733	109964	15322	1171
Gardnerella_vaginalis	0	0	0	0	0	0	0	0	0	0	0	0	0	0	0	0	0	0	0	0	0	0	0	0	0	0	0	0	0	0	0	0	0	0	0	0	0	0	0	0	0	0	0	0	0	0	0	0	0	0	0	0	0	0	0	0	0	0	0	0	0	0	0	0	0	0	0	0	0	0	0	0	0	0	0	0	0	0	0	0	0	0	0	0	0	0	0	0	0	0	0	0	0	0	0	0	0	0	0	0	0	0	0	0	0	0	0	0	0	0	0	0	0	0	0	0	0	0	0	0	0	0	0	0	0	0	0	0	0	0	0	0	0	0	0	0	0	0	0	0	0	0	0	1178	0	0	0	0	0	0	0	0	0	0	0	0	0	0	0	0
Corynebacterium_amycolatum	0	0	0	0	0	0	0	0	0	0	0	0	0	447	0	0	0	0	0	0	0	0	0	0	0	0	0	0	0	0	0	0	0	0	0	0	0	0	0	0	0	0	0	0	0	0	0	0	0	0	0	0	0	0	0	0	0	0	0	0	0	0	0	0	0	0	0	0	0	0	0	0	0	0	0	0	0	0	0	0	0	0	0	0	0	0	0	0	0	0	0	0	0	0	0	0	0	0	0	0	0	0	0	0	0	0	0	0	0	0	0	0	0	0	0	0	0	0	0	0	0	0	0	0	0	0	0	0	0	0	0	0	0	0	0	0	0	0	0	0	0	0	0	0	0	0	0	0	0	0	0	0	0	0	0	0	0	0	0	0
Corynebacterium_glutamicum	0	0	0	0	0	0	0	0	0	0	0	0	0	0	0	0	0	0	0	0	0	0	0	0	0	0	0	0	0	0	0	0	0	0	0	0	0	0	0	0	0	0	0	0	0	0	0	0	0	0	0	0	0	0	0	0	0	0	0	0	0	0	0	0	0	0	0	0	0	0	0	0	0	0	0	0	0	0	0	0	0	0	0	0	0	0	0	0	0	0	0	0	0	0	0	0	0	0	0	0	0	0	0	0	0	0	0	0	0	0	0	0	0	0	0	0	0	0	0	0	0	0	0	0	0	0	0	0	0	0	0	0	0	0	0	0	0	0	0	0	0	0	0	1882	0	0	0	0	0	0	0	0	0	0	0	0	0	0	0	0
Corynebacterium_stationis	0	0	0	0	0	339	1471	458	0	0	0	0	0	177765	217562	2377	28349	27208	16296	13742	45028	0	0	0	0	0	0	0	0	0	183	0	0	0	0	0	0	0	0	0	0	0	543	0	0	0	0	0	1372	0	0	0	0	0	2589	0	268	0	0	3453	262	0	0	0	0	9854	1003	3214	0	0	0	0	0	0	8559	0	0	0	0	0	0	0	0	1030	0	0	0	2441	0	3016	0	11162	10504	0	2034	5473	4480	0	5730	0	0	0	6901	0	0	0	4061	0	0	0	0	0	0	3046	14400	0	13859	11198	0	0	0	0	0	0	0	0	0	0	0	0	0	0	0	0	1468	0	8802	0	198	0	1421	748	0	19470	0	0	0	0	0	0	0	0	0	0	0	0	0	0	0	0
Cutibacterium_acnes	0	0	0	0	0	0	0	0	0	0	0	0	0	0	0	0	0	0	0	0	0	0	0	0	0	0	0	0	0	0	0	0	0	0	0	0	0	0	0	0	0	0	0	0	0	0	0	0	0	0	0	0	0	0	0	0	0	0	0	0	0	0	0	0	0	0	0	0	0	0	0	0	0	0	0	120	0	0	0	0	0	0	0	0	0	0	0	0	0	0	0	0	0	0	0	0	0	0	0	0	0	0	0	0	0	0	0	0	0	0	0	0	0	0	0	0	0	0	0	0	0	0	0	0	0	0	0	0	0	0	0	0	0	0	0	0	0	0	0	0	0	0	0	0	0	0	0	0	0	0	0	0	0	0	0	0	0	0	0	0
Atopobium_deltae	0	0	0	0	0	0	0	0	0	0	0	0	0	0	0	0	156	0	0	0	0	0	0	0	0	0	0	0	0	0	0	0	0	0	0	0	0	0	0	0	0	0	0	0	0	0	0	0	0	0	0	0	0	0	0	0	0	0	0	0	0	0	0	0	0	0	0	0	0	0	0	0	0	0	0	0	0	0	0	0	0	0	0	0	0	0	0	0	0	0	0	0	0	54	0	0	0	0	0	0	0	0	0	0	0	0	0	0	0	0	0	0	0	0	0	0	0	0	0	0	0	0	0	0	0	0	0	0	0	0	0	0	0	0	0	0	0	0	0	0	0	0	0	0	0	0	0	0	0	0	0	0	0	0	53	0	0	0	0	0
Atopobium_vaginae	0	0	0	0	0	0	0	0	0	0	0	0	0	0	0	0	0	0	0	0	0	0	0	0	0	0	0	0	0	0	0	0	0	0	0	0	0	0	0	0	0	0	0	0	0	0	0	0	0	0	0	0	0	0	0	0	0	0	0	0	0	0	0	0	0	0	0	0	0	0	0	0	0	0	0	0	0	0	0	0	0	0	0	0	0	0	0	0	0	0	0	0	0	0	0	0	0	0	0	0	0	0	0	0	0	0	0	0	0	0	0	0	0	0	0	0	0	0	0	0	0	0	0	0	0	0	0	0	0	0	0	0	0	0	0	0	0	0	0	0	0	0	0	165	0	0	0	0	0	0	0	0	0	0	0	0	0	0	0	0
Olsenella_profusa	0	0	0	0	0	0	0	0	0	0	0	27	0	0	313	0	0	0	0	0	0	0	0	0	0	0	0	0	0	0	0	0	0	0	27	0	0	0	0	0	0	0	0	0	0	0	0	0	139	110	189	0	0	0	0	0	0	0	0	0	0	0	0	0	0	0	0	0	0	0	0	0	0	0	0	0	0	0	0	0	0	0	405	54	55	0	0	240	133	28	268	28	0	28	304	188	415	0	457	0	314	0	190	0	28	0	133	0	0	0	0	0	0	0	0	0	0	0	0	0	0	0	0	0	0	0	0	0	0	0	0	0	0	0	0	0	0	0	0	0	0	0	0	0	54	133	160	0	54	295	55	0	0	0	0	55	0	0	0	0
Olsenella_scatoligenes	1167	1314	1656	828	111	1121	995	675	56	522	426	1799	0	1305	3307	163	0	0	460	0	373	0	0	57	0	0	409	0	660	1022	1386	110	916	3443	2445	337	635	219	747	212	308	28	140	0	465	1464	3617	975	5127	4734	4633	1212	165	172	1206	0	173	56	137	417	85	984	658	379	369	0	84	0	29	0	0	29	283	0	487	148	0	626	0	29	899	1099	9995	1826	2390	1574	1897	8754	5241	1982	12087	4917	1217	2786	2843	3043	5353	1395	18136	1066	7357	1012	11156	560	1157	2258	7469	309	0	29	0	140	0	828	0	0	0	0	572	0	503	249	1036	0	267	0	0	0	0	0	0	0	0	56	943	0	0	85	205	0	137	316	255	497	4735	7503	4992	1356	1681	5473	2903	1297	2286	1363	630	4337	335	2364	3400	857
Collinsella_aerofaciens	313	0	326	83	0	0	0	0	0	0	0	156	0	159	229	0	0	0	0	0	0	0	0	0	0	0	0	0	0	0	162	0	0	250	313	0	0	150	0	0	244	0	0	0	0	79	243	0	632	405	493	0	0	0	0	0	0	0	0	0	0	83	0	0	0	0	0	0	0	0	0	0	0	0	298	0	0	84	0	0	162	0	1020	0	0	157	79	232	251	305	1189	753	265	84	317	164	327	0	1427	79	239	224	649	84	0	393	321	0	0	0	0	0	0	0	0	0	0	0	0	0	0	84	82	0	0	0	0	0	0	0	0	0	0	0	0	0	0	0	0	0	0	0	0	0	568	657	619	0	0	575	330	0	554	79	0	799	0	240	384	0
Collinsella_intestinalis	57	116	0	0	0	0	0	55	0	0	59	229	0	57	172	0	0	0	0	0	0	0	0	0	0	0	0	0	0	0	0	0	0	290	57	0	0	0	61	0	0	0	0	0	0	0	0	0	175	229	61	0	0	0	0	0	0	0	0	0	0	0	0	0	0	0	0	0	0	0	0	0	0	0	0	0	0	0	0	0	0	57	378	0	0	58	172	626	251	172	871	313	0	0	229	62	191	292	808	114	855	0	344	0	0	0	523	0	0	0	0	0	0	0	0	0	0	0	0	0	0	0	0	0	0	0	0	0	0	0	0	0	0	0	57	0	0	0	0	0	0	0	0	0	58	406	344	0	58	120	344	57	57	57	0	235	0	114	180	0
Collinsella_stercoris	0	0	189	0	0	396	179	220	0	140	95	241	0	50	303	88	0	0	299	0	0	0	0	0	0	0	0	0	0	0	1051	0	0	151	247	0	0	0	0	0	0	0	0	0	0	99	412	185	1208	613	837	226	0	0	0	0	0	0	0	0	0	95	0	0	0	0	0	0	0	0	0	0	137	0	0	92	0	441	0	0	292	191	2560	106	334	475	480	808	2442	700	2647	552	98	377	1875	616	1870	141	2564	146	1673	47	1869	0	0	152	1087	0	0	0	0	0	0	49	0	0	0	0	0	0	0	0	0	0	0	0	0	0	0	0	0	0	0	0	232	0	0	0	0	0	0	0	0	50	366	1446	1699	756	545	605	263	591	201	331	299	1202	0	333	849	192
Collinsella_massiliensis	1012	1188	1488	542	135	1013	770	611	90	924	528	2517	46	744	3252	210	0	0	444	0	603	0	0	173	89	0	262	0	536	308	1042	44	574	2140	1527	132	603	43	597	175	180	0	168	44	215	1672	2638	706	3414	2862	3206	967	87	352	908	0	0	0	0	741	340	751	219	91	300	0	45	0	0	0	43	0	428	0	598	127	46	361	0	0	480	827	10172	1462	1507	1365	2059	6808	4159	1188	10410	3096	1520	2642	2831	2745	3679	1792	13265	704	7647	353	8467	343	1789	1375	6445	43	0	130	0	309	44	910	0	0	0	0	394	0	392	214	494	0	431	43	92	0	44	0	0	0	0	172	719	0	0	93	355	89	90	0	134	659	2862	6241	4235	968	956	4253	2574	1111	1724	1350	1095	4173	343	1702	3045	828
Enorma_massiliensis	138	134	1093	136	0	305	346	411	162	283	0	877	0	359	1066	0	0	0	240	0	114	0	0	0	0	0	0	0	192	67	550	56	257	208	67	0	227	57	298	0	0	0	59	0	0	67	471	269	693	1087	406	61	0	0	297	0	0	0	0	0	0	259	124	0	0	0	0	0	0	0	0	0	0	0	64	0	0	231	0	0	0	665	2709	1441	206	262	374	1709	476	1512	1185	1660	251	218	877	189	663	476	2134	131	3433	124	2879	121	66	575	2029	64	0	0	0	0	0	0	0	0	0	0	0	0	0	0	0	0	0	0	0	0	0	0	0	0	0	0	119	0	0	59	0	0	0	0	123	0	620	790	399	501	250	273	715	356	126	129	238	583	0	68	516	200
Adlercreutzia_equolifaciens	437	1884	417	412	161	7591	8557	6465	1648	842	298	624	674	1147	1568	5392	3041	4920	2473	2773	431	3303	612	2561	1300	1347	5477	1145	5911	2784	165	753	2613	237	2850	1777	2368	614	2157	2766	1023	1875	1416	7553	2228	154	944	0	968	376	498	212	487	9198	57	0	344	1830	980	1513	827	4182	2334	1015	1182	1226	1540	3146	2712	995	1340	580	1131	582	5456	3602	150	3472	1704	220	2567	1659	1641	2504	2171	89	853	2739	4015	4120	623	4909	3156	5039	0	0	1333	0	26847	877	346	0	2761	0	162	0	2321	0	1784	12168	586	2147	2085	7028	8996	268	9467	4261	1390	932	948	30273	7472	2056	5434	3078	20466	4812	1616	1534	1505	734	516	2399	5729	4934	7400	4866	3077	2077	2015	3388	1130	4817	1045	2474	7747	738	1010	6481	4294	7643	161	607	6342	2248	2842	3093	2903	917
Asaccharobacter_celatus	431	968	632	608	157	4054	3501	2937	687	960	514	736	501	1100	1713	3158	2965	2996	1775	3205	256	951	131	843	368	241	1597	323	2063	1140	102	106	888	533	926	662	727	0	511	1030	134	601	715	2686	754	78	265	0	881	282	315	360	191	3675	154	0	27	656	364	786	544	1710	963	379	278	532	294	1475	751	279	229	287	225	0	2241	1734	210	1045	518	158	707	450	761	888	965	0	404	830	1713	1412	475	1660	1260	1888	151	0	843	0	9952	133	313	0	987	0	50	0	1185	0	472	6018	106	836	861	2740	3138	0	3618	1224	881	136	0	10906	3807	1088	2168	1077	11193	1755	578	771	432	459	277	1171	3465	2590	2905	1744	790	648	801	1137	932	1742	593	688	3882	434	387	2589	1670	3644	131	421	5068	826	1211	1038	1312	131
Enterorhabdus_caecimuris	34957	13702	42421	35854	18425	22586	19745	17173	7450	39587	23450	28079	30414	41118	50981	28023	81377	41768	29644	83881	13800	626	0	279	105	1165	557	0	1140	1845	6916	935	4193	6439	6529	1532	1416	784	1325	623	648	1567	2443	2661	1418	3871	1948	1863	10400	2834	2328	7950	890	7762	991	353	1143	1235	692	1447	4582	6620	3556	2113	1950	3817	4113	2091	2192	784	304	577	2121	2244	7419	1388	336	4064	882	606	1549	1591	15997	3904	7257	1584	7518	5589	20895	7121	18466	4708	5026	33127	6263	4348	3959	1865	10279	1923	12339	3077	4429	1070	3938	1911	3011	1269	1451	5515	2100	658	1348	3388	4201	961	7431	1457	4619	107	2965	6836	4828	704	2509	2031	11918	2818	624	1254	271	1158	888	4577	10336	7980	1743	4208	3220	473	2381	1010	2800	784	648	815	32729	7657	10629	7414	3018	8677	6791	14683	143529	10065	1741	8379	8367	4235
Gordonibacter_pamelaeae	0	0	0	0	0	192	0	0	0	0	0	0	0	0	0	0	0	0	0	0	0	0	0	0	0	0	0	0	0	0	0	0	0	0	0	0	0	0	0	0	0	0	0	0	0	0	0	0	0	0	0	0	0	0	0	0	0	0	0	0	0	0	0	0	0	0	0	0	0	0	0	0	0	0	0	0	0	0	0	0	0	0	0	0	0	0	0	0	0	0	0	0	0	0	0	0	0	0	0	0	0	0	0	0	0	0	0	0	0	96	0	0	0	0	0	0	0	0	0	0	0	0	0	0	0	0	565	0	0	0	0	0	0	66	98	0	0	0	0	0	0	0	0	0	0	0	159	0	0	0	0	0	0	0	1022	0	0	0	0	0
Bacteroides_caecimuris	0	568420	1861	11734	0	22797	20924	15020	47374	0	0	0	0	1012	0	68959	38055	28464	45965	10186	5575	13293	130854	322167	240335	113054	351516	146910	426635	225263	189053	85195	94908	52861	111885	30008	63483	62421	381649	78874	92566	169127	97379	193377	80456	352122	166825	471040	59910	153276	183146	23808	124946	86888	11977	141398	70092	130440	38766	298414	83915	212418	327123	162284	121116	436155	56535	13874	160860	149115	245721	184054	478808	125496	231895	494123	170017	247432	659340	276583	496764	107363	119323	10324	17334	3545	59603	14454	20066	64574	159059	16079	16561	42768	28931	21398	49881	26163	9360	82463	172202	123005	11331	136741	107364	8771	10930	6554	274430	538992	392943	200841	277855	871413	128496	39213	70531	25849	69115	371231	224704	559755	34569	160624	490821	135636	316400	276897	1548612	568712	417265	190360	426936	78068	46315	146776	115746	355220	74835	31757	1362562	24731	222182	210280	245283	162662	23420	49704	66844	249520	198018	45891	147105	264715	797879	21675	36714	43046	23700	138315
Bacteroides_faecichinchillae	0	0	0	0	0	418	341	0	258	0	0	0	0	0	0	5765	11819	756	0	0	0	0	0	0	0	0	0	0	0	0	0	0	0	0	0	15002	17423	0	0	0	0	0	0	0	0	0	0	0	58955	0	0	39617	0	0	0	0	0	0	0	0	0	0	0	0	0	0	0	0	0	0	0	0	0	0	0	0	0	0	0	0	0	0	0	0	0	0	0	0	0	0	0	0	0	0	0	0	0	0	0	0	0	0	0	0	86142	0	0	0	0	0	0	0	0	0	0	0	0	0	0	0	0	0	0	0	0	0	0	0	0	0	0	0	0	0	0	0	0	0	0	0	0	0	0	0	0	0	0	0	0	0	0	0	0	0	0	0	0	0	0	0
Bacteroides_intestinalis	0	0	0	0	0	0	0	0	0	0	0	0	0	0	0	1655	24401	0	0	0	0	0	22502	142824	31060	0	0	0	24660	253567	0	186181	0	0	0	83440	47672	1808	0	1588	0	0	0	0	0	0	0	32264	0	6917	10906	0	0	0	72833	0	0	18755	2140	0	0	12782	5469	151535	0	0	0	0	6427	0	8243	0	0	0	1051	71667	25976	25887	49232	72554	0	0	0	3370	0	1053	0	0	0	0	0	3524	0	0	0	0	0	0	0	0	0	3256	0	2041	0	467	0	1906	0	126731	25446	39348	0	0	0	21891	0	0	522235	7215	0	46349	0	50353	0	0	0	0	0	0	0	0	0	0	155741	32772	0	0	0	0	0	0	0	0	13122	4237	0	0	0	0	0	0	0	0	0	0	0	0	0	0
Bacteroides_massiliensis	0	0	0	0	0	0	0	0	0	0	0	0	0	0	0	0	0	0	0	0	0	783	200097	0	115432	0	0	0	0	0	0	0	0	0	0	130830	93219	18500	0	43924	31571	176543	48457	239958	0	27037	0	19595	101464	0	0	86312	0	0	0	0	0	0	0	0	0	0	0	0	0	0	0	0	0	0	0	0	0	0	0	0	0	0	0	0	0	0	10555	0	5369	0	0	0	13961	0	0	0	0	0	208802	34247	167067	0	169772	0	134710	0	45036	0	251430	0	169666	0	230705	0	180009	0	0	99503	0	45254	0	0	219731	0	238318	0	0	0	243764	102693	74709	123251	625240	76789	85879	281826	201692	31860	53034	88630	0	115708	0	0	105049	0	21637	0	126697	29169	267110	66184	85304	45745	256624	301076	121702	135210	274379	168023	163507	431024	108692	604884
Bacteroides_nordii	0	0	0	0	0	0	0	0	0	0	0	0	0	0	0	0	0	0	0	0	0	0	0	0	0	0	0	0	0	0	0	0	0	0	0	0	0	0	0	0	0	0	0	0	0	0	0	0	0	0	0	0	0	0	0	0	0	0	0	0	0	0	0	0	0	0	0	0	0	0	0	0	0	0	0	0	0	0	0	0	0	0	0	0	0	0	0	0	0	0	0	0	36082	0	0	0	0	0	0	0	0	0	0	0	0	0	0	0	0	0	0	0	0	0	0	0	0	0	0	0	0	0	0	0	0	0	0	0	0	0	0	0	0	0	0	0	0	0	0	0	0	0	0	0	0	0	0	0	0	0	0	0	0	0	0	0	0	0	0	0
Bacteroides_sartorii	0	0	0	0	0	60754	41010	23309	27923	0	0	0	0	0	0	27723	273320	949729	126052	1880932	0	0	109640	564077	263576	207856	17841	308417	116649	632073	160502	58261	37490	20490	228129	0	1716	0	302431	0	0	14132	27847	4739	566720	0	38991	0	2820	89184	126514	6254	542202	311300	4869	699827	37490	228534	50842	1504556	39583	165482	1408098	1673134	18131	488190	256224	527408	223709	74530	1207851	169022	834655	396686	1045901	730591	255312	450047	461	19384	731546	49301	1316	2617	0	5943	208628	4111	3868	43595	382115	227908	411230	1327179	0	0	0	16036	73480	33325	0	69531	0	87542	46854	170180	55858	15709	28849	274651	7101	443544	412287	31586	101754	12819	22351	367306	14019	282990	3182	77694	52494	157248	49214	0	0	0	0	0	0	0	0	0	0	0	128841	0	8994	98155	0	24418	0	37067	0	0	0	0	1324	0	0	0	0	0	0	0	0	0	3011	0
Bacteroides_stercorirosoris	0	0	0	25011	0	251779	175251	145341	46395	0	0	0	0	0	0	54292	75287	120395	87115	249720	0	1677	127943	0	160817	56793	64533	30245	0	51989	56611	15511	396433	92330	158169	26074	40012	0	0	0	0	6561	43576	26020	0	0	30562	0	12457	37090	43177	4467	167073	49262	61234	155625	50123	34385	2928	105507	9084	160682	138770	328607	6096	172084	60340	104432	35117	6939	96534	41486	50880	39902	123017	271813	224764	27084	37203	75320	52937	10987	23960	17066	7975	22894	112772	72941	6351	5153	19156	23816	40591	199946	1691	32053	625	0	0	65406	45526	62860	0	67408	48721	23415	0	28477	204028	718676	162736	38791	438442	50508	190667	49427	30135	28594	172325	107470	261125	99104	96192	147784	150699	74646	7186	52613	170083	128566	97788	237664	67383	4489	98462	24207	87894	222290	11575	51329	321650	52829	62908	32933	0	0	0	5098	5802	58957	478461	8830	6876	2018	0	0	20856	0	47728	1604
Bacteroides_thetaiotaomicron	230517	0	161970	23978	58275	1924	174	0	0	0	306165	726442	0	1128733	1362091	0	0	0	0	0	324602	330629	213082	0	208942	141099	0	0	0	0	0	0	306191	0	297811	0	0	70870	3189865	589912	582783	0	0	0	465106	85609	409772	381148	0	892409	898294	0	0	334953	39238	0	100365	27631	22225	0	0	169894	375532	254732	0	0	89182	500714	352672	0	0	0	0	0	726453	465521	0	268554	0	0	0	0	973515	0	1756	0	44337	0	58568	0	6226696	0	0	4283108	15720	2357563	0	0	0	67215	75224	527895	0	613818	0	71018	0	36379	0	1093242	1124861	151646	532935	0	113570	89628	40316	33279	2321610	0	2312396	0	941014	0	0	0	2308712	1175237	0	335730	64012	550568	113693	0	418129	76628	37972	413072	7890	0	1863058	0	209366	0	13435	37435	0	87635	101953	19823	46991	35868	22753	24165	0	0	11914	21720	0	0
Bacteroides_uniformis	1011944	965302	745571	291723	258504	279523	152641	113739	101058	799138	327019	1431385	419426	5534973	5271379	89963	541070	1407012	1309456	1289304	1474221	3409	77736	16229	111265	231372	471527	287149	54478	178487	98847	20614	18218	612577	3434	84850	90600	151066	0	512246	82228	104446	82629	37954	0	92967	17777	339077	2110	374544	439211	27530	19777	37211	210187	242346	5680	160296	27489	35243	11162	913665	193434	73055	7934	70118	287764	1770036	529251	195204	186492	190038	364111	68185	648053	1345764	182935	211323	2495	56508	57243	45041	0	217263	2671	85867	46918	3497	16755	96917	63285	430765	161418	40128	0	281	0	39263	0	38974	0	85279	0	124646	31947	117107	0	142448	19751	431053	90965	46511	1305423	172417	36249	3131	92	42761	157909	16390	136	274307	1255285	113912	101547	39713	0	0	3608787	530867	132827	0	28916	0	1012504	79141	39585	83588	0	3465	2215	3989	4748	57276	0	0	0	39313	51516	19084	64253	11755	0	0	115716	0	12258	0	0	0
Bacteroides_vulgatus	0	8367892	0	0	0	226561	140868	88758	132376	0	0	0	0	0	0	102573	1554762	2746049	1857184	5862453	0	153427	1362553	1864592	1156033	621247	936288	1679095	129842	291330	202777	118084	304925	390043	709583	547019	325469	113140	1892662	1304841	116249	545192	503888	1272447	1098190	127124	598033	254893	331216	801070	957082	369941	499881	580580	176943	2485976	466034	1467433	182392	1000060	113734	2540929	1897770	4274526	201951	1023128	1677661	4746558	767206	980053	2849081	1506841	1375981	2067863	1142709	7641311	1638338	3077862	3163611	1507147	924506	562469	32815	340305	109922	56975	1073590	936483	15729	578366	953802	286454	423909	3466347	200617	454882	520330	85422	2334514	252757	756754	474933	121497	588307	289622	762725	2540665	591553	1504958	2281661	519444	1315735	399157	862933	1627896	360073	367468	386843	1349293	466521	1047748	1285713	682194	73971	360205	66819	863792	280761	3921702	257548	182416	1412942	750718	114303	257117	221134	1352517	498004	115983	335739	957196	84564	476642	129790	1363166	136194	1659566	79117	208213	242763	1205871	807982	608754	489357	391247	1287446	318724	2521659	1018568	4376808
Muribaculaceae_bacterium_DSM_103720	1253797	783947	730808	258223	30539	554043	448652	362308	484142	744571	161209	1521451	1250908	2528112	4028580	415285	842576	1109980	1964940	57347	1947177	0	0	0	0	0	0	0	0	0	0	0	0	0	0	0	0	0	0	0	0	0	0	0	0	0	0	0	0	0	0	0	0	0	0	0	0	0	0	0	0	0	0	0	0	0	0	0	0	0	0	0	0	0	0	0	0	0	0	0	0	0	0	0	0	0	0	0	0	0	0	0	0	0	0	0	0	0	0	0	0	0	0	0	0	0	0	0	0	0	0	0	0	0	0	0	0	0	0	0	0	0	0	0	0	650	0	0	0	0	0	0	0	0	0	0	0	0	0	0	0	0	0	0	0	0	0	0	0	0	0	0	0	0	0	0	0	0	0	0
Muribaculum_intestinale	770553	876260	492294	131	251832	930685	556528	456473	300363	494923	125838	687798	72692	463690	2294805	91987	38056	993845	1398500	718517	430436	251673	0	208871	2883	299987	2630663	1585463	359081	1543988	3610	1014087	2368509	9910	1700564	500759	470849	550496	3455	2375081	2066721	1129374	883453	134224	268	2349408	1682972	3879385	4564706	3231753	3706958	5108043	832767	288	5837085	94939	1699556	0	0	2995090	435026	949003	1123945	1467265	1140753	755887	307384	973341	646623	1256422	1518976	3443193	1438372	2923096	1699057	1110633	517191	1874648	47993	786257	1469316	2229513	2078905	880635	41344	570689	227739	1614131	1211152	307021	135447	2001677	2747067	7425055	1226159	3488114	2518422	554968	0	1376182	785042	521958	1965048	856365	6517753	110785	0	101336	369234	1214927	5907	7256758	1520747	4576708	2425906	1078606	2282324	2354154	1627241	1367967	1350860	619707	3936883	908562	1988772	4426706	1399766	1621955	6898338	3328254	2201930	2351591	1712793	2057601	3369479	2666273	1888194	2081157	1421388	1711645	2896181	2362267	2988145	3155870	1664411	1554320	0	406591	1151050	371858	2151943	509681	664571	107477	317292	0	314578	6230	432	0
Butyricimonas_synergistica	0	0	0	0	0	0	0	0	0	0	0	0	0	0	0	0	999	298	0	0	0	0	0	0	0	0	0	145	0	292	0	0	0	0	0	0	0	0	146	0	0	0	0	0	0	0	0	0	0	0	0	0	0	0	0	0	0	0	0	48	0	0	0	0	0	0	48	0	0	0	0	0	0	0	0	0	0	0	0	0	0	0	0	0	0	0	0	0	0	0	0	0	0	0	0	0	0	0	0	0	0	0	0	0	0	0	0	0	50	380	0	0	673	0	0	0	0	0	0	0	0	0	0	0	0	0	0	0	0	0	0	0	0	0	0	0	0	0	0	0	0	0	0	0	0	0	0	0	0	0	491	952	0	0	0	0	193	0	0	0
Butyricimonas_virosa	0	0	0	2083026	0	630705	390144	304001	488505	0	1437435	0	0	2522	0	555856	1324193	744238	331636	504839	0	0	78426	87688	136938	57275	139787	203767	67076	277472	64274	27486	104665	31035	20308	49177	35069	100095	234180	177199	63687	144456	80428	127948	74532	24949	25625	10329	10433	172973	197164	6111	106805	84040	130652	307320	385345	129594	23899	161201	49580	123839	147595	415624	71882	44384	387630	265697	107989	202259	806063	364728	59213	236763	208063	1783793	348564	613448	263634	132601	288662	17809	76793	84316	13016	70516	306418	167743	80146	144806	52757	262994	128026	416197	240995	89340	74524	46912	74419	202510	436284	165391	23042	210289	11486	52185	36653	139035	441969	479312	3470	25407	459203	154787	179541	235907	85044	64510	211207	33179	0	183799	104348	96921	79873	348349	139	68756	70621	74534	19019	811930	41350	138008	167718	79138	169928	141812	9068	93754	339111	41111	74989	6018	53458	40727	26525	173479	139507	78298	599227	828584	300178	43331	0	205431	581878	710121	166348	30795
Prevotella_sp_MGM1	0	0	0	0	0	0	0	0	0	0	0	0	0	0	0	0	0	0	0	0	0	0	0	71214	0	0	0	0	38808	251599	0	258650	0	0	0	66681	83788	37990	83968	193522	46050	33636	0	453006	9806	144904	47070	118781	90388	87490	105183	284517	53660	0	274034	0	47152	34798	4124	0	13440	84320	209722	6331	132057	0	0	4841	0	0	0	153773	0	0	0	0	0	0	0	0	1247135	0	0	0	0	0	0	0	0	0	0	0	0	0	0	0	0	0	0	0	0	0	0	0	68058	0	0	0	696542	482251	35825	34279	1251767	0	85472	179188	39998	3473	1900	71397	0	26243	954	69518	0	134131	10129	122241	9005	132025	177803	16743	78458	189975	107650	65921	12575	17307	6867	254904	18304	273126	8419	83125	0	0	0	0	0	0	0	0	0	0	0	0	0	0	0	0
Prevotella_sp_MGM2	0	0	0	0	0	322457	202523	163600	498344	0	0	0	0	0	0	572010	1075597	895758	423417	2205275	0	0	0	0	0	0	0	0	0	0	0	0	0	0	0	0	0	0	696	1407	0	0	0	553	0	0	2701	0	0	0	2276	2094	0	0	0	0	0	0	0	0	0	0	0	0	0	0	0	0	0	0	0	0	0	0	0	0	0	0	0	0	0	0	0	0	0	0	0	0	0	0	0	0	0	0	1690430	234	3244	0	0	0	0	0	0	0	0	0	0	281	2623826	0	1191	0	0	8998236	1263282	916852	137142	998346	6969610	2289316	1177285	6860797	0	1746957	2268947	17886942	3401	1084	10809321	0	0	8429526	0	6055487	2290154	2666559	809117	3867445	1290172	1614055	14045114	1409790	9699028	3080665	0	0	0	0	0	0	0	0	0	0	0	0	0	19213	769	0
Alistipes_indistinctus	0	0	0	0	0	18905	8520	6899	4024	0	0	0	0	0	0	11471	16684	11079	26161	2433	0	0	8069	5778	21853	4894	3351	2945	51168	7000	3642	5252	24790	2942	8664	4378	12830	32488	20331	14531	14704	918	715	11490	20276	8214	10541	10475	11524	15573	15550	8481	12044	5724	2535	2361	0	5884	612	31350	6001	17383	4631	19898	0	8255	3623	0	13442	3700	37156	11427	12937	7025	15092	34387	9108	17611	37833	18306	29899	4726	13887	6041	1767	8359	3339	8222	2304	8732	4925	2434	1548	1640	15550	16785	5486	6803	3047	12931	16077	0	1436	0	14430	0	593	0	43584	80167	9502	3620	31163	19562	48162	18940	75534	15152	29704	32886	18473	48024	22202	23414	34606	121264	16251	25473	22316	38086	26604	53960	18410	36432	36853	55802	23834	32503	5164	20789	77974	25269	26418	9876	7244	18463	11709	6888	2227	2559	26124	45209	37576	14737	3415	22403	49305	18687	45712	604
Alistipes_shahii	0	0	0	5970	0	4346	2984	2038	1131	0	551	0	0	0	0	849	1765	286	439	86	0	271	471	43205	5369	20439	97441	41737	63086	77171	114241	26709	42598	26048	43176	3907	530	13957	39179	50961	5906	26349	24869	82167	71911	1566	2830	1787	8359	31697	34086	15242	2760	1707	235	13718	1024	5065	891	23339	2307	1328	2759	3154	1273	4193	2299	292	2923	1379	4292	2285	21206	1443	3472	5499	884	2151	2988	943	854	2819	78727	2959	16638	469	39179	1852	21699	410	138789	1208	194	555393	1995	64162	17122	3156	3495	3271	33653	2715	3446	943	37199	1063	1048	1124	31171	269027	13359	15879	73732	18478	1488	34248	1641	673	16763	1207	1041	3212	8659	117	10919	5721	0	642	31720	26642	5869	1526	4300	2131	3587	1860	839	972	0	583	3139	383	204	312	3992	47110	2312	10449	3628	7805	17070	37547	13330	5280	10247	1414	31033	2175	3415	373
Alistipes_timonensis	0	0	0	165224	0	368887	187125	154757	61176	0	9952	0	0	0	0	49128	46630	6043	14456	2043	0	0	50706	0	121049	7170	20858	36434	0	0	15277	0	84633	0	5866	87751	45232	8959	80107	19651	33560	7644	2008	26963	10315	73365	72611	22004	32198	99456	105611	16142	48292	27122	25529	7314	41087	124530	26263	24077	59704	65959	57811	70114	30459	34116	10901	5321	52674	20229	133843	57116	72731	98585	47124	164611	39743	140160	62195	46269	61977	21542	780	57031	0	45888	470	32653	104	35163	0	71174	1816	0	64331	0	19009	8860	31292	20085	15020	20505	15785	35758	16254	44906	5122	27072	33676	167503	18795	75024	41904	75096	47101	34223	12600	24410	13939	29836	21879	33591	11936	2740	123502	70305	0	3430	28731	46633	18203	41999	8772	14308	15516	12623	19899	32916	1055	19342	57876	39641	7073	7126	29528	17818	24225	43396	12455	40058	106519	46925	45024	54304	10476	93416	22881	109866	67771	8117
Parabacteroides_distasonis	0	0	0	0	0	324706	181690	151401	70363	0	0	0	0	0	0	562357	87471	554616	776982	1238838	0	8347	70445	329099	191390	192777	298078	265438	516784	500930	86273	50721	552766	37011	389623	56069	132993	20034	270954	187761	57354	385174	54500	990818	10595	73105	92744	331641	801223	240796	263604	657123	47888	0	34023	281660	66396	78041	11236	196024	73242	1231543	1596512	1115612	81307	353021	153454	142314	73868	117022	140778	119339	261896	160796	224915	153221	181607	862758	25918	278822	596154	147035	594185	74075	7593	57026	171953	153378	100325	367270	86961	65565	24661	264104	130322	2353015	152010	35974	128384	145031	774092	75911	39498	94142	979942	447784	150981	159132	73464	166559	58941	59497	165335	569987	684713	62579	28351	111035	964866	199934	391855	498244	100729	83342	732452	26210	50174	77557	6905814	1253514	356924	3348756	202444	135382	1961824	499913	49266	835266	38699	59475	10284747	153654	1380871	328882	319350	220484	15059	4990	8697	64434	154779	99214	396144	809423	314280	16852	73459	122188	367611	134760
Parabacteroides_goldsteinii	1854927	4769324	1160266	87869	296629	584113	326891	241405	94937	782218	377278	445338	680339	1587194	1242307	99211	3304607	2936255	2182726	8702259	305528	122917	24383	1761713	122986	232146	146007	411494	1199078	1007874	69279	159356	734938	146725	440734	155330	21180	19535	57830	93607	1573	88888	118471	166731	157696	0	11402	3352	150583	413801	535579	27868	182178	1450239	191434	1853991	215190	7688	1013	881182	201337	3373704	1211965	634834	58929	202003	147263	29465	726196	434842	922367	363520	1008323	73830	2031175	3093669	2109937	999421	48579	600568	512535	212211	9237	343368	10428	145163	1024134	446677	274373	252993	453429	259380	225726	1322531	107285	111999	68391	88367	285942	145687	204745	71666	24181	28233	77044	118718	110094	127491	437607	446626	54977	2394350	340699	485350	1167337	76967	117225	143706	266291	798690	699598	365400	431812	273181	733294	83635	3008	21090	724724	100203	50121	1426174	234815	355026	134505	83298	776100	486260	40567	295592	1424247	276499	237794	86710	144292	29132	259061	46538	130312	15378	267958	201211	64591	16776	1427369	274288	38959	181226	943231	127316
Parabacteroides_johnsonii	0	0	0	0	0	18271	9998	5870	1012	0	0	0	0	0	0	1630	0	2972	2041	106028	0	0	17221	62955	3574	29695	214	9579	46060	55182	1115	5285	101065	204	77159	4271	3036	7016	4184	3344	5220	5251	423	5888	13684	2774	5064	579	5479	6604	8702	6318	18214	13343	0	3774	2738	37516	2513	84303	3569	1679	6648	14335	0	2685	2372	9806	35079	9067	47656	4718	84045	68729	41204	54733	14770	62376	85160	14938	55966	3885	0	0	0	0	1165	0	0	0	0	0	0	0	10551	237	0	121	1265	932	416	753	0	2184	6464	9567	0	6072	2327	28680	3442	0	5142	0	24443	5591	17212	3639	1883	7867	496	13434	1067	9963	0	611	751	3065	2021	23697	7528	28224	9122	1188	1572	1018	382	2544	0	0	13321	0	2201	0	0	0	0	0	0	0	0	0	0	0	0	0	0	0	0	0
Parabacteroides_merdae	0	0	0	2312363	0	0	0	0	0	0	0	0	0	3685	0	387243	256873	0	0	0	0	0	206	0	2006	0	1102355	550659	0	0	193978	0	0	763033	0	0	0	427	784012	536445	4351	126213	5673	395121	161786	0	31938	3403	125878	421632	482438	122766	0	0	798373	0	209453	0	0	0	0	368841	2277995	2463157	9854	0	225564	1453497	0	0	0	0	0	0	0	0	0	0	0	0	0	0	0	224595	0	62844	93470	125416	12500	186276	0	441259	418265	774739	716	0	139867	0	465876	0	13176	0	46518	0	140950	0	389399	0	25449	40639	0	2223592	344774	743886	0	0	0	0	0	0	0	0	727337	0	286819	1251	0	0	683	1672	0	613	0	0	962837	342070	796273	773	116855	0	528	0	324	0	56191	29004	98153	0	0	42771	106370	0	124619	199557	9993	123665	0	132901	165963	452841
Sphingobacterium_paucimobilis	0	0	0	0	0	0	0	0	0	0	0	0	0	19517	0	0	0	0	0	0	0	0	0	0	0	0	0	0	0	0	0	0	0	0	0	0	0	0	0	0	0	0	0	0	0	0	0	0	0	0	0	0	0	0	0	0	0	0	0	0	0	0	0	0	0	0	0	0	0	0	0	0	0	0	0	0	0	0	0	0	0	0	0	0	0	0	0	0	0	0	0	0	0	0	0	0	0	0	0	0	0	0	0	0	0	0	0	0	0	0	0	0	0	0	0	0	0	0	0	0	0	0	0	0	0	0	0	0	0	0	0	0	0	0	0	0	0	0	0	0	0	0	0	0	0	0	0	0	0	0	0	0	0	0	0	0	0	0	0	0
Mucispirillum_schaedleri	530069	95927	636040	771649	1107201	16346	32286	24814	18970	0	0	7770	8543	1837606	131268	69360	3426	3882	191028	26842	305034	86866	59606	256514	441572	190442	89553	189160	24287	96019	218294	481717	17042	9358	99079	134239	158373	378652	1371466	173355	1332887	165889	182290	468640	614982	1912	1758	587	81520	683	1767	70946	429839	101533	92350	3695023	753543	1505372	2972638	1001206	240999	32629	22501	8949	118414	19102	809251	161560	6087	220127	112154	13464	74098	125278	69169	553169	336212	3206189	114512	192330	14941	258722	19599	64371	70811	12718	316932	187548	50497	228290	26347	222987	72098	56137	360884	3710	222780	7574	7471	10900	105693	328441	287346	669039	9828	16151	85394	185313	94138	257295	354893	14133	17029	57337	3724	1604687	128399	25155	52065	60069	15018	33277	25053	347881	4101	19687	105977	265674	4620	619766	37326	412092	663517	478160	101556	408711	12053	148105	13541	478583	14939	6248	3935	502	70696	8267	157	1590319	27216	31501	1261224	815648	27519	36802	769884	700087	466975	349610	3250	75381
Jeotgalicoccus_halotolerans	0	0	318	0	1424	1888	1258	857	706	0	394	0	0	4013	2362	0	1061	0	328	67	0	0	0	0	0	0	0	0	0	0	0	0	0	0	0	0	0	0	0	0	0	0	0	0	0	0	0	0	0	0	0	0	0	0	0	0	0	0	0	585	0	440	445	0	0	0	0	1341	0	0	0	0	0	0	0	0	0	0	0	0	0	0	0	0	0	0	0	0	0	0	0	128	195	0	0	0	63	0	188	0	0	0	0	0	0	453	0	0	0	0	0	0	0	258	0	0	389	0	0	65	0	0	0	0	0	0	0	0	0	0	0	0	0	0	0	0	0	0	0	0	0	0	0	643	0	0	0	0	0	0	0	0	0	0	0	0	0	0	0	0
Staphylococcus_equorum	0	0	0	0	0	0	0	0	0	0	0	0	0	0	0	0	0	0	0	0	0	0	0	0	0	0	0	0	0	0	0	0	0	0	0	0	0	0	0	0	0	0	0	0	0	0	0	0	0	0	0	0	0	0	0	239	0	0	0	6067	0	0	0	0	0	0	0	0	0	0	0	0	0	0	0	0	0	0	0	0	0	0	0	0	0	0	0	0	0	0	0	0	0	0	0	0	0	0	0	0	0	0	0	0	0	0	0	0	0	0	0	0	0	0	0	0	0	0	0	0	0	0	0	0	0	0	0	0	0	0	0	0	0	0	0	0	0	0	0	0	0	0	0	0	0	0	0	0	0	0	0	0	0	0	0	0	0	0	0	0
Staphylococcus_lentus	118	0	507	0	5558	0	0	0	0	741	13643	606	1717	273250	160112	0	1267	0	3864	4808	41246	0	0	0	0	0	0	0	0	0	0	0	0	0	0	0	0	0	0	0	0	0	0	0	0	0	0	0	0	0	0	0	0	0	5180	1957	647	356	0	35929	2758	0	0	0	0	172	0	0	0	0	1261	3321	938	1470	16002	0	0	56	0	0	0	0	0	0	0	0	0	0	0	0	0	672	1170	0	0	294	0	0	0	0	0	0	0	0	0	691	0	0	0	0	0	0	0	0	0	0	1029	0	0	0	0	0	0	0	0	0	0	0	0	0	0	0	0	0	0	0	0	0	0	0	0	0	0	0	0	0	0	0	0	0	0	0	0	0	0	0	0	0	0	0
Staphylococcus_nepalensis	0	0	0	0	0	0	0	0	0	0	372	0	0	0	0	0	0	0	0	0	0	0	0	0	0	0	0	0	0	0	0	0	0	0	0	0	0	0	0	0	0	0	0	0	0	0	0	0	0	0	0	0	0	0	0	0	0	0	0	1439	0	0	0	0	0	0	0	0	0	0	0	0	0	0	0	0	0	0	0	0	0	0	0	0	0	0	0	0	0	0	0	0	0	0	0	0	0	0	0	0	0	0	0	0	0	0	0	0	0	0	0	0	0	0	0	0	0	0	0	0	0	0	0	0	0	0	0	0	0	0	0	0	0	0	0	0	0	0	0	0	0	0	0	0	0	0	0	0	0	0	0	0	0	0	0	0	0	0	0	0
Aerococcaceae_bacterium	0	0	0	0	0	0	0	0	196	0	0	0	0	16242	16852	0	0	0	0	0	3707	0	0	0	0	0	0	0	0	0	0	0	0	0	0	0	0	0	0	0	0	0	0	0	0	0	0	0	0	0	0	0	0	0	0	0	0	0	0	0	0	0	0	0	0	0	0	0	0	0	0	0	0	0	0	0	0	0	0	0	0	0	0	0	0	0	0	0	0	204	0	83	1117	0	0	392	0	0	240	0	0	0	0	0	0	0	0	0	0	0	0	0	0	1271	0	0	0	0	0	0	0	0	0	0	0	0	0	0	0	0	0	0	0	0	0	0	0	0	0	0	0	0	0	1670	0	0	0	0	0	0	0	0	0	0	0	0	0	0	0	0
Aerococcus_urinaeequi	0	0	0	0	0	0	0	0	0	0	0	0	0	0	0	0	0	0	0	0	0	0	0	0	0	0	0	0	0	0	0	0	0	0	0	0	0	0	0	0	0	0	0	0	0	0	0	0	0	0	0	0	0	0	0	0	0	0	0	0	0	709	0	0	0	0	0	0	0	0	0	0	0	0	0	0	0	0	0	0	0	0	0	0	0	0	0	0	0	0	0	0	0	0	0	1797	0	0	0	0	0	0	0	0	0	0	0	0	0	0	0	0	0	198	0	0	0	0	0	0	0	0	0	0	0	0	0	0	0	0	0	0	0	0	0	0	0	0	0	0	0	0	0	74	0	0	0	0	0	0	0	0	0	0	0	0	0	0	0	0
Enterococcus_avium	0	0	0	0	0	0	0	0	0	0	0	0	0	0	0	0	0	0	0	0	0	0	0	0	0	0	0	0	0	0	0	0	0	0	0	0	0	0	0	0	0	0	0	0	0	0	0	0	0	0	0	0	0	0	0	0	0	0	0	0	0	0	0	0	0	0	0	0	0	0	0	0	0	0	0	0	0	0	0	0	0	0	0	0	0	0	0	0	0	0	0	0	0	0	0	0	0	0	0	0	0	0	0	0	0	0	3811	0	0	0	0	0	0	0	0	0	0	0	0	0	0	0	0	0	0	0	0	0	0	0	0	0	0	0	0	0	0	0	0	0	0	0	0	0	0	0	0	0	0	0	0	0	0	0	0	0	0	0	0	0
Enterococcus_faecalis	0	0	0	1118	0	0	0	0	0	4552	0	0	0	1210	0	0	0	0	0	0	0	0	0	0	0	0	0	0	0	0	0	0	0	0	0	0	0	0	0	0	0	0	0	0	0	0	0	0	0	0	0	0	0	0	0	0	0	0	0	0	0	0	0	0	0	0	0	0	0	0	0	0	0	0	0	0	0	0	0	0	0	0	0	0	0	0	0	0	0	0	0	0	0	0	0	0	0	0	0	0	0	0	0	0	0	0	0	0	0	0	0	0	0	0	0	0	0	0	0	0	0	0	0	0	0	0	0	0	0	0	0	0	0	0	0	0	0	0	0	0	0	0	0	0	0	0	0	0	0	0	0	0	0	0	0	0	0	0	0	0
Enterococcus_gallinarum	0	0	0	0	0	0	0	0	0	0	0	0	0	0	0	0	0	0	0	0	0	1054	0	0	0	0	0	0	0	0	0	0	0	2405	0	0	0	0	0	0	0	0	0	0	0	0	0	0	0	0	0	0	0	0	0	0	0	0	0	0	0	0	0	0	0	0	0	0	0	0	0	0	0	0	0	0	0	0	0	0	0	0	0	0	0	0	0	0	0	0	0	0	0	0	0	0	0	0	0	0	0	0	0	0	0	0	1684	0	0	0	0	0	0	0	0	0	0	0	0	0	0	0	0	0	0	0	0	0	0	0	0	0	0	0	0	0	0	0	0	0	0	0	0	0	0	0	0	0	0	0	0	0	0	0	0	0	0	0	0	0
Enterococcus_hirae	0	0	0	0	0	345	0	0	0	0	0	0	0	0	0	0	11539	0	0	0	0	0	0	0	0	0	0	0	0	0	0	0	0	0	0	0	0	0	0	0	0	0	0	76	0	0	0	0	0	0	0	0	0	0	0	0	0	0	0	0	0	0	0	0	0	1803	0	0	0	0	0	0	0	0	0	0	0	0	0	0	0	0	0	0	0	0	0	0	0	995	0	0	0	0	0	0	0	0	0	0	443	0	0	0	0	0	0	0	0	0	0	0	0	0	0	0	0	0	0	0	0	0	0	0	0	0	0	0	0	0	0	0	0	0	0	0	0	0	0	0	0	0	0	0	0	0	2512	0	0	0	0	0	0	1468	10058	0	0	0	0	0
Lactobacillus_acidophilus	0	0	0	0	0	0	0	0	0	0	0	0	0	0	0	0	0	0	0	0	0	0	0	0	0	0	0	0	0	0	0	0	2779	0	6444	0	0	0	0	0	0	0	0	0	0	0	0	0	0	0	0	0	0	0	0	0	0	0	0	0	0	0	0	0	0	0	0	0	0	0	0	0	0	0	0	0	0	0	0	0	0	0	0	0	0	0	0	0	0	0	0	0	0	0	0	0	0	0	0	0	0	0	0	0	0	0	0	0	0	0	0	0	0	0	0	0	0	0	0	0	0	0	0	0	0	0	0	0	0	0	0	0	0	0	0	0	0	2950	0	0	0	0	0	0	0	0	0	0	0	0	0	0	0	0	0	0	0	0	0	0
Lactobacillus_intestinalis	0	0	0	688	0	0	0	0	0	0	0	0	0	0	0	0	23113	0	0	0	0	0	0	0	0	0	0	0	0	0	0	0	0	0	0	0	0	0	0	0	0	0	0	0	0	0	0	0	0	0	0	0	0	0	0	0	0	0	0	0	0	0	0	0	0	0	0	0	0	0	0	0	0	0	0	0	0	0	0	0	0	0	0	0	0	0	0	0	0	0	0	0	0	0	0	0	0	0	0	0	0	0	0	0	0	0	0	0	0	0	0	0	0	0	0	0	0	0	0	0	0	0	0	0	0	0	0	0	0	0	0	0	0	0	0	0	0	0	0	0	0	0	0	0	0	0	0	0	0	0	0	0	0	0	0	0	0	0	0	0
Lactobacillus_johnsonii	2030382	360503	2795244	971240	911719	1676	2556	2233	0	97514	89736	982888	0	388026	1324784	42710	103409	5717	11927	5329	881038	24510	12960	124643	4333	0	8626	4652	33796	86976	37807	28097	9497	10162	33752	10288	4456	2152	80639	46733	8709	10156	29729	12520	14456	10143	49392	18645	113691	13504	23073	18745	25899	4917	40564	86438	9254	28794	11218	59349	21068	130968	246847	48298	6029	139626	126271	39939	19849	7336	5892	0	29648	34674	70249	87027	28016	173065	6497	39446	31631	87079	794	42209	0	20601	0	3599	5154	79753	4493	10757	21733	0	21283	22020	17991	2007	19484	14799	2381	44977	26708	19490	39835	19524	19586	15081	0	8414	21621	15995	25247	210923	38567	9869	4836	7704	26121	4272	21247	82538	6154	27647	35191	8130	19367	2696	106174	59289	36542	16985	4356	11086	2816	6508	25381	7563	29045	19146	38600	16949	58749	160280	1283	474	6554	0	0	481	142	615	0	2968	8493	2872	0	4712	0	1699
Lactobacillus_murinus	96014	1065860	92750	790373	40585	63927	57711	43834	4740	31304	72924	48276	126037	738697	106456	47441	97716	35525	128014	200147	57175	30934	3836	24040	1432	14004	9627	245	37446	222499	4849	4312	3509	4118	9121	2905	996	5338	99507	18748	5298	324521	81269	86613	19485	2411	11845	35706	10751	14450	18487	24464	6512	8784	37941	8501	12882	8345	3017	39871	3648	127461	142847	8293	13312	41490	33293	40527	28577	13386	14054	17222	58935	28524	111819	14865	26566	99163	15715	33230	14675	56369	37104	23619	9296	12269	12190	8155	64470	80184	32130	15972	14151	178064	31116	80189	75818	12859	31935	14555	101541	24988	26259	8382	1636	20503	27314	7946	5507	52437	80730	2624	31286	36834	58608	10890	9535	5364	145525	4191	50897	24264	57386	84576	4203	27502	217189	7576	21953	26919	43061	9024	8597	39755	89444	63353	20349	46951	35562	3311	90490	13517	255472	91686	8399	26486	280599	56265	77319	180179	38945	35471	27487	231062	96366	61708	13442	178960	136209	150740
Lactobacillus_reuteri	0	0	0	21762	0	17477	12340	7866	1091	25435	7505	255699	9958	109072	420182	42628	77259	966	4064	4122	194096	8204	5670	25957	3854	0	4280	2139	5933	13057	5385	214	4490	1449	12288	8755	1795	0	9994	19357	4504	16308	4247	11032	10214	2884	9218	15254	20824	15558	17151	8537	6265	132	8760	5723	73	6065	2304	7476	3852	36006	30362	6253	0	9050	8080	11643	7543	8151	3049	0	11857	25516	17057	6054	5874	29210	3147	18148	1107	24454	0	7642	0	7824	0	0	7238	7977	0	2168	7288	1975	22150	10305	14564	1617	6302	6354	663	5994	11194	793	16008	5082	11896	2515	0	0	19201	6869	7266	23259	29726	7106	5480	3557	391	4157	2122	11888	2098	12329	8927	16020	19323	1123	35453	30481	10030	17279	1898	9692	4775	6474	12309	10156	6714	5240	22454	9198	18135	64450	0	0	3763	0	0	771	0	0	0	2605	6782	4499	0	10549	0	7600
Streptococcus_acidominimus	0	0	0	0	0	0	0	0	0	0	0	0	0	0	0	0	690	0	2033	6255	0	0	0	0	0	0	0	0	0	0	0	0	0	0	0	0	0	0	0	0	0	0	0	0	0	0	0	0	0	0	0	0	0	0	0	0	0	0	0	0	0	0	0	0	0	0	0	0	0	0	0	0	0	0	0	0	0	0	0	0	0	0	0	0	0	0	0	0	0	0	0	0	0	0	0	0	0	0	0	0	0	0	0	0	0	0	0	0	0	0	0	0	0	0	0	0	0	0	0	0	0	0	0	0	0	0	860	0	0	0	0	0	0	0	0	0	0	0	0	0	0	0	0	0	0	0	1356	0	0	0	0	0	0	0	0	0	0	0	0	0
Clostridium_perfringens	0	0	0	0	0	0	0	0	0	0	0	0	0	0	0	0	0	0	0	0	0	1867	0	0	0	0	0	0	0	0	0	0	0	20325	0	0	0	0	0	0	0	0	0	0	515	0	0	0	0	0	0	0	0	0	14216	25371	5589	0	0	272446	5776	0	0	0	0	0	0	0	0	0	0	0	0	0	15989	0	0	0	0	0	0	0	6176	0	911	0	1006	65369	16008	0	40678	1724	19276	80561	11063	85022	11037	1609	31359	3859	12362	0	0	0	0	20191	52347	21071	0	0	0	0	0	0	0	0	0	0	0	0	0	0	0	0	0	0	0	0	0	0	0	0	0	0	0	0	0	0	0	0	0	0	0	0	63870	1741	80899	1794	13236	11868	70478	0	71434	287343	44227	17106	1728	68225	220851	240567
Clostridium_sp_7_2_43FAA	0	0	0	0	0	0	0	0	0	0	0	0	0	0	0	0	0	0	0	0	0	3915	0	0	0	0	0	0	0	0	0	0	0	0	0	0	0	0	0	0	0	0	0	0	0	0	0	0	0	0	0	0	0	0	0	0	0	0	0	0	0	0	0	0	0	0	0	0	0	0	0	0	0	0	0	0	0	0	0	0	0	0	2585	0	0	0	0	701	1122	0	3467	0	6225	0	0	0	0	0	0	0	0	0	0	0	0	0	0	0	0	0	0	0	0	0	0	0	0	0	0	0	0	0	0	0	0	0	0	0	0	0	0	0	0	0	0	0	0	0	0	0	0	0	0	0	968	0	0	0	0	0	0	0	0	0	0	0	0	0	0	0
Clostridium_sp_ASF356	0	134	0	0	0	0	0	0	0	0	0	0	0	0	0	0	0	0	0	0	880	0	0	0	0	0	0	0	0	0	0	0	0	0	0	0	0	0	0	0	0	0	0	0	3438	0	0	0	0	0	0	0	0	0	0	0	0	0	223	0	0	0	0	0	0	0	0	0	0	0	0	0	0	0	0	0	0	0	0	0	0	0	0	0	0	0	0	0	0	0	0	0	0	0	0	0	0	0	0	0	0	0	0	0	0	0	0	0	0	5681	0	0	0	0	0	0	0	0	0	0	0	0	0	0	0	0	0	0	0	0	0	0	0	0	0	0	0	0	0	0	0	0	0	0	0	0	0	0	0	0	0	0	0	0	0	0	0	0	0	0
Clostridium_sp_ASF502	97301	0	194187	13302	92233	602	2689	1114	19345	2240	29477	66515	65172	7049	2551	0	1098	118	1280	119	3962	0	0	0	125	84207	1563	0	1754	672	10833	14303	3708	0	1402	0	17410	10219	476	971	3688	252	1823	241	3446	246	635	3574	14903	2083	3851	122	13453	249	5935	10737	17498	3692	7486	0	9060	8384	2208	0	0	1895	34926	0	2632	10736	0	0	5432	2424	1464	3933	4667	6843	0	951	1823	6720	24722	12733	0	0	15166	11540	3397	28275	0	610	25914	6829	2508	380	747	23522	727	0	25906	2586	0	0	241	717	1463	2071	43381	64840	20031	2292	1957	47664	24072	12784	69988	21239	17184	123327	16361	83333	37692	29500	2490	16854	14696	50744	11443	12905	14777	11423	70653	57254	29830	8765	20172	65073	114450	110105	23584	4571	47508	9225	3649	3574	0	47209	5786	41245	32470	16745	122	16300	9793	13842	0	8599	5871	23719
Hungatella_hathewayi	0	0	0	0	0	0	0	0	0	0	0	0	0	0	0	0	0	0	0	0	0	0	0	0	0	0	0	0	0	0	0	0	0	0	0	0	0	0	0	0	0	0	0	0	0	0	0	0	0	0	0	0	0	0	0	0	0	0	0	0	0	0	1894	0	0	0	0	0	0	0	0	0	0	0	0	0	0	0	0	0	0	0	0	0	0	0	0	0	0	0	75698	0	0	0	0	0	0	0	0	0	0	0	0	0	0	0	0	0	0	0	0	0	0	0	0	0	0	0	0	0	0	0	0	0	0	0	0	0	0	0	0	0	0	0	0	0	0	0	0	0	0	0	0	0	0	0	0	0	0	0	0	0	0	0	0	0	0	0	0	0
Anaerofustis_stercorihominis	0	0	0	0	0	0	0	0	0	0	0	0	0	0	0	0	0	0	0	0	0	0	0	0	0	0	0	0	0	0	0	0	0	0	248	0	0	0	0	0	0	0	0	0	0	0	0	0	0	0	0	0	0	0	0	0	0	0	0	0	0	0	0	0	0	0	0	0	0	0	0	0	0	0	0	0	0	0	0	0	0	0	0	0	0	0	0	0	0	0	0	0	0	0	0	0	0	0	0	0	0	0	0	0	0	0	0	0	0	0	0	0	0	0	0	0	0	0	0	0	0	0	0	0	0	0	0	0	0	0	0	0	0	0	0	0	0	0	0	0	0	0	0	0	0	0	0	0	0	0	0	0	0	0	0	0	0	0	0	0
Eubacterium_sp_14_2	3163	0	6087	8409	11670	2292	5786	4843	3356	2474	65722	6452	166538	1050	754	99	1595	0	148	0	0	0	0	656	0	0	0	0	1820	0	0	6826	1607	0	0	1958	852	0	1095	0	0	1578	2188	1884	2248	0	10542	0	0	0	0	0	32910	0	302	0	940	0	0	0	170134	0	0	0	0	0	7612	1984	0	6701	635	1761	3948	61084	0	6355	4917	2206	7246	2071	0	256851	0	1935	0	1928	0	0	0	1683	0	0	0	0	0	0	0	489	0	0	0	0	0	0	0	0	0	0	951	0	0	0	0	0	1777	0	0	0	0	549	0	0	0	0	0	0	0	0	0	0	886	0	0	0	0	341	1715	5694	151	201	0	505	0	4582	0	0	0	678	0	0	0	147	0	0	0	0	451	0	0	0
Acetatifactor_muris	22187	3005	33438	19057	11138	5040	34081	28035	13970	2391	19639	5604	127718	833	4360	5222	2201	8323	37317	2784	166	0	0	0	13296	24717	1629	2610	2242	0	5890	11301	1595	0	1250	4683	80668	28971	13654	4668	40310	177	38883	321	2354	0	0	0	667	0	0	1569	38802	1991	2701	3605	28077	5023	16634	0	10542	0	0	0	0	427	16588	2349	349	3917	83	0	82	0	252	4320	18374	7312	5184	726	0	9513	0	5261	0	0	13067	0	0	9647	0	0	184	0	5675	0	1917	11998	0	0	11698	15452	13155	11277	252	0	0	86	7641	13782	625	0	0	171	0	16765	19494	6244	0	28492	0	8681	0	2418	0	158	1326	15078	1360	13460	338	2398	31185	1726	20340	40180	0	4008	8395	7534	422	0	894	0	0	3639	425	1475	0	860	16294	12072	6518	558	11989	24653	6450	10549	0	2651
Blautia_coccoides	0	0	0	0	0	0	0	0	0	0	0	0	0	0	0	0	0	0	0	0	0	0	0	0	0	0	0	0	0	0	0	0	0	0	0	0	0	0	0	0	0	0	0	0	0	0	0	0	0	0	0	0	0	0	0	0	0	0	0	0	0	0	0	0	0	0	0	0	0	0	0	0	0	0	0	0	0	0	0	0	0	0	0	0	0	0	0	0	0	0	0	0	0	0	0	0	0	0	6394	0	0	0	0	0	0	0	0	0	0	0	0	0	0	0	0	0	0	0	0	0	0	0	0	0	0	0	0	0	0	0	0	0	0	0	0	0	0	0	0	0	0	0	0	0	0	0	0	0	0	0	0	0	0	0	0	0	0	0	0	0
Dorea_sp_5_2	487591	27340	660240	692855	425682	31291	83872	61104	37139	291552	1667731	392754	1116303	325429	219327	3742	17893	194088	152370	34169	479219	17454	3911	7931	78703	203502	7584	29611	54585	78295	20049	275409	25514	23275	20796	50146	211358	37762	71845	44298	65344	34977	52332	26136	48096	15639	10364	9769	176596	51850	59507	122581	68237	39321	34608	178834	71611	57031	32184	32833	76011	38250	26967	16942	0	36959	836789	5224	18564	108104	13478	9329	23106	41668	55874	24511	142609	80537	11391	115023	46116	44299	104464	168127	12586	2616	125446	304227	76939	217863	215023	26416	36818	117984	219056	38714	189426	263915	12663	34749	311310	168390	91091	74085	47603	64314	19542	16793	42805	165005	18341	20787	14143	106723	39507	196495	348066	247050	68646	390165	45633	260130	202898	105577	11853	60784	47607	160959	130350	181828	80966	22502	279537	436017	444488	599643	91856	286997	384530	313404	224783	35673	368278	142846	8062	3876	9742	173028	37834	260371	296911	64537	47621	96169	124746	54165	19270	41824	4819	26339
Clostridium_aldenense	0	0	0	0	0	0	0	0	0	0	0	0	0	0	0	0	0	0	0	0	0	278	0	0	0	0	0	0	0	0	0	0	0	0	0	0	0	0	0	570	0	0	0	0	0	0	0	0	0	0	0	0	0	0	0	0	1374	0	0	0	0	0	0	0	0	0	0	0	0	0	428	0	0	0	0	0	0	0	0	0	0	0	0	0	409	0	0	0	0	0	434	0	0	1721	0	0	0	0	0	0	0	0	0	0	0	0	0	0	0	0	0	0	0	0	0	0	0	0	0	0	0	0	0	0	0	0	0	0	0	426	0	0	0	0	0	0	0	0	0	0	0	0	0	0	0	0	0	0	0	0	0	0	0	0	0	0	0	0	0	0
Clostridium_bolteae	212	0	0	0	0	0	0	0	0	0	0	0	0	0	312	0	0	0	0	0	0	0	0	0	0	0	0	0	0	0	0	0	0	0	0	0	0	0	0	0	0	0	0	0	0	0	0	0	0	0	0	0	0	0	0	0	0	0	0	0	0	0	0	0	0	0	0	0	0	0	0	0	0	0	0	0	0	0	0	0	0	0	0	0	0	0	0	0	0	0	62563	0	0	0	0	0	0	0	0	0	0	0	0	0	0	0	0	0	0	0	0	0	0	0	0	0	0	0	0	0	0	0	0	0	0	0	0	0	0	0	0	0	0	0	0	0	0	0	0	0	0	0	0	0	0	0	0	0	0	0	0	0	0	0	0	0	0	0	0	0
Clostridium_symbiosum	0	3649	0	0	0	0	0	0	0	6988	0	836	4810	571	3430	0	0	0	0	0	3938	0	0	0	0	0	0	0	0	0	0	0	0	0	0	0	0	0	0	0	0	0	0	0	0	0	0	0	0	0	0	0	0	0	0	0	0	0	0	0	0	0	0	0	0	0	0	0	0	0	0	0	0	0	0	0	0	0	0	0	0	0	0	0	0	0	0	0	0	0	0	0	0	0	0	0	0	0	0	0	0	0	0	0	0	0	0	0	0	0	0	0	0	0	0	0	0	0	0	0	0	0	0	0	0	0	0	0	0	0	0	0	0	0	0	0	0	0	0	0	0	0	0	0	0	0	0	0	0	0	0	0	0	0	0	0	0	0	0	0
Lachnospiraceae_bacterium_10_1	180534	12363	245870	11478	0	74765	265313	214822	1542643	8148	1009	0	148895	0	399437	74722	100062	68103	854262	525114	3736	0	9299	3470	699560	996501	2847	391266	412243	63726	1087551	1285799	198971	0	41109	845466	479118	159846	1361553	578960	133764	47911	559103	153878	547385	3909	11530	19828	9397	8561	13534	173683	3574142	9204	444452	50818	1353534	1478320	4165247	2175	6496159	4611	16031	0	3655	320859	8197378	792	582975	4123346	1446215	592810	1333832	180190	207402	0	3952751	703789	1719201	456167	556236	750072	0	15854	0	0	8111	2994	0	23110	2830	193736	79	2039	25111	0	10542	15049	0	9245	0	0	263875	0	119939	0	0	0	391739	41531	290265	413056	629027	7992	123438	874942	17609	1470379	0	570034	0	20767	0	29954	71458	27489	1269	268858	111722	1759358	252220	962289	2505746	1397203	13987	245393	148209	771264	14360	1339906	4841	387691	50601	63375	0	169742	21855	265674	113991	8086	162945	17506	61699	372089	31332	183753	21572	161001	0	0
Lachnospiraceae_bacterium_28_4	118647	1600273	200413	9593648	12872388	153741	346572	262257	67935	4400896	32499	125204	14358904	82787	10901	26247	643975	231433	20475	3227	339622	20006	179102	88674	1606785	24263	255538	469426	1087553	214010	812359	668654	463910	29485	530604	410294	3563380	33611	535576	574832	276130	12100	24508	1174817	18530	105666	139771	192311	1030103	55469	73507	1303327	1189465	826035	374284	698475	1720116	1091918	22456	33151	2452207	907083	680506	336374	94995	1037897	10656525	63765	163514	1636185	242090	155438	11683	1327917	1458494	1052100	4414226	1562865	717798	870333	253003	182939	11800	1340953	32562	457027	1765124	425516	44352	4675388	209040	1052442	861200	125505	2211835	52800	605765	809104	10404	116340	3535713	1897926	2630364	1274088	229357	379971	21430	637586	17076	1054941	18562	384939	128889	380543	56733	1862637	436473	412432	1013325	332514	146576	3086603	224909	523618	123749	30985	17697	452799	7936	1921463	20690	467247	311801	789370	2138084	4313789	507294	4893430	4128314	1835098	1496816	31859	1870737	613170	445184	107410	1158924	2294250	226978	6745	635494	3064958	1154203	163749	6100497	5694259	1244503	10772806	484	0
Lachnospiraceae_bacterium_3_1	74110	1034	217922	5717	33448	38485	189311	144718	61275	841	7791	13484	18374	7014	2684	282	5971	900	4348	548	1390	0	0	372	0	558	0	0	374	0	0	1793	0	0	0	1045	2138	183	1512	0	185	2648	1692	4414	482	0	0	0	92	0	0	93	0	0	555	0	2744	0	453	0	363	0	0	0	0	0	7156	0	0	5958	743	185	749	0	0	0	3667	186	2456	1737	0	1421	0	0	0	0	0	0	0	0	0	0	0	0	0	0	0	0	0	0	0	0	0	0	0	0	0	0	1135	93	0	0	0	0	0	0	0	0	0	834	0	0	0	92	0	550	90	545	0	0	769	0	362	0	0	1729	0	185	450	94	0	0	92	0	0	0	0	931	0	0	0	450	0	0	182	0	279	90	0	0
Lachnospiraceae_bacterium_3_2	30381	0	75502	62140	6263	71	2220	364	917	439	3162	4108	51174	2594	3977	0	689	1507	940	0	2104	0	0	0	0	71	0	0	0	0	0	0	149	0	0	0	0	0	0	0	0	0	0	0	0	0	0	0	0	0	0	0	71	0	0	0	0	0	0	0	0	0	0	0	0	0	0	0	0	0	1641	0	0	0	0	0	0	0	0	0	0	443	0	0	0	0	0	0	0	0	0	0	0	0	0	0	1573	0	0	0	770	0	7510	0	0	0	0	0	0	12803	0	0	0	0	0	0	0	0	0	0	0	0	0	0	0	0	0	0	0	0	0	0	0	0	0	0	0	0	0	0	0	0	289	0	0	0	0	0	0	0	0	0	0	0	4658	0	0	0	0	0
Lachnospiraceae_bacterium_A2	81626	31035	115356	11170	24569	0	3973	3295	38051	0	0	7280	4463	83	252	0	1038	0	0	0	0	0	0	0	0	0	0	0	0	0	0	0	0	0	0	0	0	0	0	0	0	0	0	0	0	0	0	0	0	0	0	0	0	0	0	0	0	0	0	0	0	0	0	0	0	0	0	0	0	0	0	0	0	0	0	0	0	0	0	0	0	0	0	0	0	0	0	0	0	0	0	0	0	0	0	0	0	0	0	0	0	0	0	0	0	0	0	0	0	0	0	0	0	0	0	0	0	0	0	0	0	0	0	0	0	2275	0	0	0	0	0	0	0	0	0	0	0	0	0	0	0	0	0	0	0	0	0	0	0	0	0	0	0	0	0	0	0	0	0	0
Lachnospiraceae_bacterium_A4	0	0	0	0	0	0	104	308	0	0	32516	0	42300	0	34246	0	0	0	0	0	0	0	0	0	0	0	0	0	0	0	0	0	0	0	0	0	0	0	0	0	0	0	0	0	0	0	0	0	0	0	0	0	0	0	0	0	0	0	0	0	0	0	0	0	0	0	0	0	0	0	0	0	0	0	0	0	0	0	0	0	0	0	0	0	0	0	0	0	0	0	0	0	0	0	0	0	0	0	0	0	0	0	0	0	0	0	0	0	0	0	0	0	0	0	0	0	0	0	0	0	0	0	0	0	0	4746	0	0	0	0	0	0	0	0	0	0	0	0	0	0	0	0	0	0	0	0	0	0	0	0	0	0	0	0	0	0	0	0	0	0
Lachnospiraceae_bacterium_M18_1	872	5014	458	817	867	3906	16024	9819	1994	0	3369	89	510	0	0	2594	518	8313	20311	7957	91	0	0	0	635	3304	0	0	6545	1580	3028	11921	1523	0	1414	0	15809	4521	3845	1291	4006	0	6826	2800	4290	0	1039	292	14423	715	2035	0	11766	1106	3285	14841	33074	3467	8350	984	4451	2186	0	979	0	1911	42588	1371	4013	23597	1638	0	721	4190	2012	2599	21564	5087	2663	5971	5572	3781	8634	13568	0	448	25724	14073	2045	56345	889	924	6190	3518	5257	0	11145	40279	519	0	161858	14690	3543	3999	3779	2252	995	2713	24671	18504	1931	270	1519	14637	13141	9397	108425	20020	7203	54669	3951	18510	7447	3529	1653	13441	6700	52747	873	10103	3293	5828	3280	38402	24756	46174	8436	19721	54256	7698	8324	1206	10815	1664	0	0	664	20685	1410	14125	7269	13780	708	8627	37257	23986	3195	24434	0	0
Robinsoniella_sp_RHS	0	0	0	0	0	0	0	0	0	0	0	0	0	0	0	0	0	0	0	0	0	0	0	0	0	0	0	0	0	0	0	0	0	0	0	0	0	0	0	0	0	0	0	0	0	0	0	0	0	0	0	0	0	0	0	0	0	0	0	0	0	0	0	0	0	0	0	0	0	0	0	0	0	0	0	0	0	0	0	0	0	0	0	0	0	0	0	1706	0	0	0	0	3592	0	0	0	0	0	0	0	0	0	0	0	0	0	14392	0	0	0	0	0	0	0	0	0	0	0	0	0	0	0	0	0	0	0	0	0	0	0	0	0	0	0	0	0	0	0	0	0	0	0	0	0	0	0	0	0	0	0	0	0	0	0	0	0	0	0	0	0
Tyzzerella_nexilis	0	0	0	0	0	0	0	0	0	0	0	0	0	0	0	0	0	0	0	0	0	0	0	0	0	0	0	0	0	0	0	0	0	0	0	0	0	0	0	0	0	0	0	0	0	0	0	0	0	0	0	0	0	661	0	0	0	0	0	0	0	0	0	0	0	0	0	0	0	0	0	0	0	0	0	0	0	0	0	0	0	0	0	0	0	0	0	0	0	0	0	0	0	0	0	0	0	0	0	0	0	0	0	0	0	0	0	0	0	0	0	0	0	0	0	0	0	0	0	0	0	0	0	0	0	0	0	0	0	0	0	0	0	0	0	0	0	0	0	0	0	0	0	0	0	0	0	0	0	0	0	0	0	0	0	0	0	0	0	0
Oscillibacter_sp_1_3	27307	11606	48084	32850	44987	13035	42183	25378	26632	15823	655738	28452	29308	17567	17286	12289	26012	9746	64906	142424	21496	0	518	176	13464	136308	1459	4363	36673	4110	69490	59891	18834	266	36083	6713	90978	53308	20528	4449	79744	9084	34181	69356	8717	2243	534	4112	100366	4512	5471	54384	40394	1718	10262	889	61458	30963	232708	28485	69410	9369	6398	12319	676	11195	85091	1094	12018	57375	10402	1974	11736	13940	5712	13850	63930	21114	68883	48417	7127	27660	6078	42699	0	4796	15870	3240	1200	4490	0	8969	584	775	56892	1443	20089	71983	0	5903	102320	13282	59484	9465	9248	8529	0	21430	92374	73187	12255	37493	14995	4887	17959	97987	90721	158660	5530	810990	2510	32697	1724	88248	493	14069	15962	69267	1268	80002	9034	13977	105092	56042	129045	88654	15668	22841	35918	163620	3996	20740	21505	4191	1998	8518	9108	16080	7342	2085	99702	66740	57749	27629	66315	169688	60727	26165	1554	3816
Clostridioides_difficile	0	0	0	0	0	0	0	0	0	0	0	0	0	0	0	0	0	0	0	0	0	0	0	0	0	0	0	0	0	0	0	0	0	0	0	0	0	0	0	0	0	0	0	0	0	0	0	0	0	0	0	0	0	0	0	0	0	0	0	0	0	0	0	0	0	0	0	0	0	0	0	0	0	0	0	0	0	0	0	0	0	0	0	0	0	0	0	1082	0	0	1814	0	40657	15515	0	0	0	0	0	0	0	0	0	0	0	0	4327	0	0	0	0	0	0	0	0	0	0	0	450	0	0	0	31873	0	0	0	0	0	0	0	0	0	0	0	0	0	0	0	0	0	0	0	0	0	0	0	0	0	0	0	0	0	0	0	0	0	0	0	0	0
Paeniclostridium_sordellii	0	0	0	0	0	0	0	0	0	0	0	0	0	0	0	0	0	0	0	0	0	42520	0	0	0	0	0	0	0	720	0	0	0	21103	0	0	0	0	0	0	0	0	0	0	0	0	0	0	0	0	0	0	0	0	0	19705	0	0	0	43992	141	0	0	0	0	0	549	5157	0	0	0	0	0	0	0	0	0	0	0	0	0	0	8260	0	15525	0	28084	49759	68254	47	105211	8583	17860	125431	0	63827	8240	0	0	2029	14077	2027	0	0	0	6668	274	0	0	0	0	0	0	0	0	0	0	0	0	0	0	0	0	0	0	0	0	0	0	0	0	0	0	0	0	0	0	0	0	0	0	0	0	0	129357	0	593	0	2400	973	12057	0	2608	36280	0	3066	0	0	20788	38756
Paraclostridium_bifermentans	0	0	0	0	0	0	0	0	0	43674	0	0	0	0	0	0	0	0	0	0	0	0	0	0	0	0	0	0	0	0	0	0	0	0	0	0	0	0	0	0	0	0	0	0	0	0	0	0	0	0	0	0	0	0	0	0	0	0	0	2034	0	0	0	0	0	0	0	980	0	0	0	0	0	0	0	0	0	0	0	0	0	0	0	0	0	0	0	0	0	0	0	0	0	0	0	0	0	0	0	0	0	0	0	0	0	0	0	0	0	0	0	0	0	0	0	0	0	0	0	0	0	0	0	0	0	0	0	0	0	0	0	0	0	0	0	0	0	0	0	0	0	0	0	0	0	0	0	0	0	0	0	0	0	0	0	0	0	0	0	0
Romboutsia_ilealis	4344	0	4915	4275	16658	0	0	0	0	2651	19414	6641	9829	84372	9844	0	0	0	1027	0	8990	327	0	1322	0	117	0	0	1267	0	0	0	0	0	0	0	0	0	0	898	0	1192	353	122	0	0	0	0	0	0	0	0	357	0	0	139	0	62	0	2652	0	893	0	0	0	0	0	0	0	0	0	0	548	0	0	0	0	184	0	0	0	0	0	0	0	0	0	0	0	0	0	0	0	984	0	0	0	0	0	0	0	0	0	0	0	0	0	0	0	2994	845	0	423	0	0	0	0	0	0	0	171	0	0	0	0	0	0	0	0	0	0	0	0	0	0	0	356	0	0	0	0	0	0	0	0	0	0	183	0	1172	0	0	0	0	355	0	0	656	0	490
Terrisporobacter_othiniensis	0	0	0	0	0	0	0	0	0	0	0	0	0	0	0	0	0	0	0	0	0	0	0	0	0	0	0	0	0	0	0	0	0	0	0	0	0	0	0	0	0	0	0	0	0	0	0	0	0	0	0	0	0	0	0	0	0	0	0	9304	0	0	0	0	0	0	0	0	0	0	0	0	0	0	0	0	0	0	0	0	0	0	0	0	0	0	0	0	0	0	0	0	0	222	0	0	0	0	0	0	0	0	0	0	0	0	0	0	0	0	0	0	0	0	0	0	0	0	0	0	0	0	0	0	0	0	0	0	0	0	0	0	0	0	0	0	0	0	0	0	0	0	0	0	0	0	0	0	0	0	0	0	0	0	0	0	0	0	0	0
Acutalibacter_muris	0	0	0	326	0	93478	159407	135130	25073	0	120	0	302	207	486	14136	78387	85929	162964	29728	1307	0	0	2973	260	321764	3606	2782	14089	719	17996	19054	8217	0	10437	673	245	15538	7205	1126	31214	6057	18851	144448	9638	0	85	2512	73541	2745	2425	35164	76508	0	8430	1379	1273	8277	20651	0	79148	3981	45	84	0	3763	42856	0	7206	72905	12820	1349	17495	3989	13516	0	51885	876	3190	14256	2684	31037	0	7992	0	580	8898	0	0	28357	0	7838	0	41	23724	0	14968	51591	0	3389	95424	108675	42008	63531	5284	4498	0	6237	4799	17168	13996	4170	19996	3507	87	59140	0	25257	642	66192	0	12524	127	24848	0	106159	8211	83155	0	26012	5294	7275	40088	835	36287	16982	5360	27036	51615	17329	4317	4192	18356	3407	0	1611	0	6652	133	5698	39667	112608	26077	17385	9369	21530	216037	6318	2640	0
Anaerotruncus_colihominis	262	0	1592	31239	21241	1877	3114	1865	1245	13081	28302	51303	34754	9235	6442	2563	547	1173	4255	3757	14246	859	0	0	1013	6843	0	0	1458	425	5648	7183	330	0	0	0	4004	2611	44	2479	9121	129	1614	86	257	0	0	0	4773	85	477	2832	16655	1412	87	9057	4527	938	4240	0	3064	0	0	0	0	0	9728	823	913	5442	0	0	2682	0	0	1123	953	2158	2933	5717	491	4158	1293	3104	0	0	5415	13519	0	11942	0	1511	17157	0	6018	0	1896	2122	1169	0	38017	8545	9305	7233	0	0	1117	1179	1278	5213	262	0	264	0	576	1915	8581	7052	670	9020	704	2548	0	0	0	4724	1164	4838	3953	2735	0	173	759	3291	5312	609	0	7650	1183	3455	0	0	0	0	0	0	0	7865	0	12787	10016	9714	3852	1432	7551	9967	2047	997	0	10496
Anaerotruncus_sp_G3_2012	95585	71784	143307	317308	821095	200006	710335	591345	745273	135160	399735	745713	777177	218546	94317	140868	70946	47374	154801	337351	163365	11521	5487	19567	145325	465087	59975	56806	35695	13592	163311	242827	81013	6774	56732	57742	415072	265212	58147	87168	406112	77266	251643	60772	69326	38903	3682	36720	219499	10804	14566	52968	153222	31156	106327	194464	207221	109756	147539	8267	176266	47974	35341	27296	1464	39674	294157	5949	46724	350154	81578	5448	63754	19480	44678	90793	252535	72033	97049	146633	46134	132636	36220	127191	4172	6757	233414	59818	19769	172246	24803	65264	222014	21623	149018	7216	88984	272008	3698	14121	496807	171132	166626	193283	28948	11242	3383	66282	100595	167195	30230	15635	69180	22075	10719	111501	12279	108443	41249	186136	5714	153473	2580	20375	8960	129873	21025	103767	24555	101615	22823	125252	143292	164266	129207	101392	13378	259173	154487	146985	22447	21440	67963	7296	29939	27138	10589	392729	57820	201159	614920	206320	59931	62746	181783	162719	114118	172517	19689	329158
Flavonifractor_plautii	2103	16554	867	7302	5307	0	0	0	0	0	2146	0	14385	0	0	0	0	0	0	0	0	23445	8826	0	195	0	31305	0	0	0	0	0	0	0	0	0	0	0	12547	0	0	0	0	0	0	0	0	0	0	0	0	0	8382	374884	1346	79770	11521	0	0	495931	0	0	0	0	0	0	0	0	0	0	0	0	0	0	350	0	0	0	0	0	0	0	0	0	0	0	0	0	0	0	0	0	0	606525	0	0	0	0	0	0	0	0	0	0	0	0	0	0	0	0	0	0	0	0	0	0	0	0	303765	0	71861	0	0	0	0	0	0	0	223779	0	0	0	0	0	0	0	0	0	0	0	0	0	0	0	155233	0	0	0	0	19166	310316	0	439	48256	0	4905	1600	8699	26484	674776
Clostridium_methylpentosum	1818	615	679	0	0	0	0	0	0	4627	1487	1048	3435	1346	6104	0	0	0	0	0	2765	0	0	0	0	0	0	0	0	0	0	0	0	0	0	0	0	0	0	0	0	0	0	0	0	0	0	0	0	0	0	0	0	0	0	0	0	0	0	0	0	0	0	0	0	0	0	0	0	0	0	0	0	0	0	0	0	0	0	0	0	0	0	0	0	0	0	0	0	0	0	0	0	0	0	0	0	0	0	0	0	0	0	0	0	0	0	0	0	0	303	0	0	0	0	0	0	0	0	0	0	0	0	0	0	0	0	0	0	0	0	0	0	0	0	0	0	0	0	0	0	0	0	0	0	0	0	0	0	0	0	0	0	0	0	0	0	0	0	0
Ruthenibacterium_lactatiformans	0	0	0	963	0	0	0	0	0	0	8387	0	0	0	0	0	0	0	0	0	0	0	0	0	0	0	0	0	0	0	0	0	0	0	0	0	0	0	0	0	0	0	0	0	0	0	0	0	0	0	0	0	0	0	0	0	0	0	0	0	0	0	0	0	0	0	0	0	0	0	0	0	0	0	0	607	0	0	0	0	0	0	0	0	0	0	0	0	0	0	0	0	0	0	0	0	0	0	0	0	0	0	0	0	0	0	0	0	0	0	0	0	0	0	0	0	0	0	0	0	0	0	0	0	0	0	0	0	0	0	0	0	0	0	0	0	0	0	0	0	0	0	0	0	0	0	0	0	0	0	0	0	0	0	0	0	0	0	0	0
Dubosiella_newyorkensis	2616132	94738	1966082	399983	157221	1255	1674	495	522	374215	228329	893273	101468	450397	1560468	191098	10535	0	4233	0	174590	40827	90140	2657778	100847	7802	1094565	237137	808741	2477657	1900250	402842	238161	1171883	228844	198549	1202004	98904	390118	227828	64176	67224	869086	52435	439013	694618	304370	234675	684414	531982	613303	454658	161700	25022	79925	62215	129463	82630	35893	325688	654	101492	303275	65332	28960	975	64668	305178	622025	41234	37430	509604	63364	144960	4454500	313797	26980	90740	203590	99484	277278	27345	11968359	137168	3236753	60192	275345	283537	34872984	114808	3320628	2332132	1162052	1363631	795750	416266	1482924	272345	978125	575198	92316	1154844	5241103	1635299	385254	246721	1995435	499765	36069	720382	28432	94393	86054	438565	195339	94434	20689	14654	421418	13855	507664	58255	433444	11655	236260	98148	1137021	286973	752545	231297	302359	466514	254060	172750	279558	41509	39384	231125	110617	13489	131710	38977	191995	71843	865010	613867	3091620	258529	242834	1015961	2879613	1304408	554381	647754	1412787	1439730	584562	1147022	1828731	640349
Clostridium_cocleatum	4793	5594	5172	513	1000	0	0	0	0	320315	8093	15733	42587	25628	14826	0	0	773	5647	168802	11117	5168	1116	48807	2491	815	8908	3824	2625	17595	963	1479	5013	5079	6428	0	0	2111	27097	6811	339	5300	3415	0	4606	3258	2220	1670	390	589	3912	0	1904	22684	11685	43250	13131	356	39	95671	0	113652	16362	3589	0	14249	3324	2835	1306	29224	15241	2253	60141	15673	37891	23145	3740	6122	2124	18524	7743	12921	22715	14456	8665	1724	35730	64075	67200	25446	93237	4641	64827	18138	26798	17045	21932	1606	33574	1217	79138	5501	1333	3302	23162	12570	9589	8543	3301	17724	916	392	0	38	366	0	6943	0	23552	0	24043	2578	3611	0	7884	0	7349	390	13101	32137	4187	0	1909	0	11258	569	181	0	146	295	1221	0	0	72	268973	13669	230638	65523	23748	470455	249387	186441	6452	164105	335402	61261	1335	156959	76931	655650
Clostridium_innocuum	0	0	0	0	0	0	0	0	0	0	0	0	0	0	0	0	0	0	0	0	0	11237	0	0	0	0	17557	967	0	0	0	0	0	361687	0	0	0	0	0	7623	0	0	0	0	0	0	0	0	0	0	0	0	0	0	0	0	0	0	0	0	0	0	9204	0	0	0	0	0	0	0	0	0	0	0	0	0	0	0	0	0	0	0	0	0	3349	0	47761	0	0	0	0	0	0	182685	0	9077	0	0	0	0	0	0	0	0	0	0	0	0	0	0	0	0	0	0	0	0	0	0	27357	0	60221	0	126202	0	0	0	0	0	32199	0	0	0	0	0	0	0	0	0	0	0	0	0	0	0	89109	0	0	0	0	0	0	0	0	41180	0	0	0	0	36895	23840
Faecalibaculum_rodentium	10814723	1692046	8835878	4054863	2261789	4175518	4018844	3316054	662623	1399167	1085446	13156334	831603	2770494	12885149	2447339	694310	55577	1372341	23716	926710	515763	1056038	186271	1724626	41637	1570756	1169447	221306	1777428	1809467	906782	2044931	1994201	1146877	3169493	750681	1053494	1795510	2192035	1252511	382899	1033877	435742	1802077	991082	1062744	769181	365777	1900024	2037513	572311	4653265	421407	1559726	116705	1149852	3659046	3778859	866149	1079050	1807618	7373100	1198440	2181961	325841	1203643	3595220	1189559	768417	5015428	3459447	1729433	2180107	1873791	4421270	358093	2128748	593174	614962	1449975	1367703	959567	2672584	1100973	714958	601500	1429161	4377719	2023119	3456706	18672799	2594914	2236594	1809939	1085531	920766	629897	1193964	1374727	322802	2018732	4783350	2274289	1164768	888356	1040630	1056724	350531	2197203	82456	741452	381664	6445293	6746388	158643	688871	471684	562256	321516	506588	2273371	720019	491831	3443810	726475	226160	94141	1326302	371261	421077	1284214	204625	297243	434076	148530	489367	638052	250525	602242	374169	1025649	395790	1765239	966201	1691315	18648580	2399568	1305699	3065715	1653846	1467273	976061	806727	2378029	1899031	983182	5080106	6517049	942541
Ileibacterium_valens	12248	0	14310	4773	795	0	0	3367	782	8860	2386	3182	1591	19513	53064	1564	795	0	2479	0	104263	0	0	0	0	841	13731	795	0	1565	2526	1590	796	0	1564	0	0	2889	0	1565	0	2387	0	1591	795	0	0	0	7563	5569	0	2387	782	0	781	0	795	0	7099	795	0	20300	1565	0	0	0	0	0	782	0	0	0	0	0	9386	795	1591	0	0	2526	1564	1591	794	795	0	0	0	0	3181	2385	795	31937	27429	796	4770	0	33083	0	3127	2344	14659	7033	54622	0	795	0	3910	1412	21937	6360	7881	0	0	2635	0	32548	0	1592	828	12607	1590	2166	0	6005	0	40689	10819	16664	2307	3368	0	87477	4854	29568	7715	3857	840	46700	0	57284	7850	22000	22640	773	0	861	2118	0	0	4775	46403	94624	19140	39886	7958	4774	19505	829	706	0
Firmicutes_bacterium_ASF500	2611	880	5217	6426	4117	149818	674636	561268	340070	2320	6247	3042	4361	2098	2130	97615	41321	234748	288684	6359	3354	167	4771	2261	32248	129664	1003	11973	2787	11019	95404	107046	8234	3759	24094	6635	131562	333883	7959	6854	187024	15715	48722	230429	27745	7666	1627	5723	29045	2509	2393	19622	200242	1509	89861	72307	10217	9780	28828	34599	107474	6769	21144	5940	1855	2182	30061	175	99559	179667	10498	3579	41974	1043	19296	20352	238910	44548	31711	71600	4190	404766	2440	176911	5099	6631	65223	3121	4792	191572	54792	42907	41562	2611	51984	523	6101	606720	609	17979	226832	128527	116371	97205	18660	8854	1875	82556	11993	25875	3594	172	14255	6516	2291	47887	12455	125104	30772	218827	770	9132	5163	3702	2754	55296	1883	438649	1092	19889	1085	6868	17247	57223	20395	41076	1823	26120	23042	95590	3888	2166	2095	2945	33429	71971	16832	129555	23983	51477	109954	207784	14771	98111	119407	238396	91050	149007	23980	14993
Victivallis_vadensis	0	0	0	0	0	0	0	0	0	0	0	0	0	0	0	0	0	0	0	0	0	0	0	0	0	32458	0	0	0	0	0	0	36185	0	0	0	0	0	443	0	0	0	0	0	4485	0	0	0	0	0	0	0	0	0	0	0	0	0	0	0	0	0	0	0	0	0	0	0	0	0	0	0	0	0	0	0	0	0	0	0	0	0	0	0	0	0	0	0	0	0	0	0	0	0	0	0	0	0	0	0	0	0	0	0	0	0	0	0	0	0	0	0	0	0	0	0	0	0	0	0	0	0	0	0	0	0	0	0	0	0	0	0	0	0	0	0	0	0	0	0	0	0	0	0	0	0	0	0	0	0	0	0	0	0	0	0	0	0	0	0
Aquamicrobium_aerolatum	0	0	0	0	0	0	0	0	0	0	0	0	0	845	0	0	0	0	0	0	0	0	0	0	0	0	0	0	0	0	0	0	0	0	0	0	0	0	0	0	0	0	0	0	0	0	0	0	0	0	0	0	0	0	0	0	0	0	0	0	0	0	0	0	0	0	0	0	0	0	0	0	0	0	0	0	0	0	0	0	0	0	0	0	0	0	0	0	0	0	0	0	0	0	0	0	0	0	0	0	0	0	0	0	0	0	0	0	0	0	0	0	0	0	0	0	0	0	0	0	0	0	0	0	0	0	0	0	0	0	0	0	0	0	0	0	0	0	0	0	0	0	0	0	0	0	0	0	0	0	0	0	0	0	0	0	0	0	0	0
Alcaligenes_faecalis	0	0	0	0	0	0	0	0	0	0	0	0	0	262788	131607	0	0	0	0	0	47960	0	0	0	0	0	0	0	0	0	0	0	0	0	0	0	0	0	0	0	0	0	0	0	0	0	0	0	0	0	0	0	0	0	12943	0	0	0	0	0	2361	0	0	0	13726	0	0	0	0	0	0	0	0	0	0	0	0	0	0	0	0	0	0	0	0	0	0	0	0	339	0	716	698	0	0	0	0	0	0	0	0	0	0	0	0	0	0	0	0	0	0	0	0	0	2493	0	1951	3237	0	0	0	0	0	0	0	0	0	0	0	0	0	0	0	0	0	0	0	0	0	0	0	0	0	28108	0	0	0	0	0	0	0	0	0	0	0	0	0	0	0	0
Paenalcaligenes_hominis	24269	26965	33437	5985	73884	52104	46651	45932	62586	404	14542	0	0	367796	124577	0	992	0	1163	2373	65200	0	0	0	0	0	0	0	0	0	0	0	0	0	0	0	0	0	0	0	0	0	0	0	0	0	0	0	0	0	0	0	0	0	1164	0	0	0	0	283	0	606	2158	0	7204	4585	705	2264	0	0	0	0	0	630	3680	0	0	0	0	0	0	0	0	4313	0	2643	0	0	0	8560	0	3306	5394	0	973	13209	2319	0	6471	0	0	0	0	0	0	1888	0	0	0	0	0	0	0	5373	9727	0	7947	10246	0	2574	0	3541	0	4811	0	0	0	0	542	0	0	0	0	0	2518	0	1488	0	2089	364	0	706	0	15124	0	0	0	0	0	0	0	0	0	0	0	0	0	0	0	0
Parasutterella_excrementihominis	0	0	0	0	0	0	0	0	0	0	0	0	0	0	0	0	0	0	0	0	0	0	0	0	0	0	0	0	0	0	0	0	0	0	0	0	0	27086	15683	54760	28426	224163	378142	192775	22111	306	3309517	0	0	3524750	3974860	0	0	0	0	0	0	0	0	0	0	0	0	0	0	0	0	0	0	0	0	0	0	0	0	0	0	0	604	453	0	0	0	0	0	0	0	0	0	0	0	0	0	0	0	0	0	0	0	0	0	0	0	0	0	0	0	0	0	0	0	0	0	0	0	0	0	0	0	0	0	0	18785	0	0	0	0	0	0	430427	236203	286061	39831	0	0	0	0	0	0	0	0	0	0	0	0	0	0	0	0	0	0	0	0	0	0	0	0	6579	0	0
Turicimonas_muris	2107222	920608	1820568	604299	40840	57191	20358	19173	140	3412834	266352	1239696	4995	221326	2538190	80397	3690	0	1093	2427	358697	1628846	1924377	2983957	2175915	136857	4862398	3458884	3422952	4501562	2584985	1167379	4364958	7731652	1799934	3144254	904538	1544723	3049000	2740474	1745144	1561078	2362342	526401	4224573	3258982	478961	1729104	2292766	1117381	1402210	2615567	1851810	1757724	4540873	750319	1725897	2728915	609778	5717377	1873868	4034892	5281150	3003953	3003319	447598	993139	4095259	2658394	661665	2515420	4757028	1657087	4040018	6467007	3011127	884127	2113749	737518	1080667	2212641	4081955	5270251	3563884	6176258	3091320	1531940	15163935	16086489	3299490	12996384	6684165	4983844	9410783	3093740	7719591	2359799	3354841	8235518	2686383	1574579	1604541	1169383	3033468	5466094	6812782	7142764	2499443	35365	2311418	350602	5037733	691437	8606483	1367742	226012	66575	215760	2988190	177671	3934296	389241	5535309	133393	4775374	1063592	2872236	260313	10980125	1724617	1786850	2857823	180745	382612	3005395	460012	767863	202035	506821	515615	1704782	1373704	1181298	1904447	4986307	3438545	6094950	1262215	2269191	2328874	5370720	2299854	2603196	4587385	1710430	2887397	1799224	2342127	7143278	3831043
Desulfovibrionaceae_bacterium	1381	0	1281	695	11590	54401	121548	103726	60610	2231	7815	8495	0	0	0	106	0	103	54	0	0	6310	9362	0	186055	16415	110550	36665	311	0	119914	575	0	28891	27203	5250	170005	50558	64670	42803	44700	0	262	14655	33097	5949	180	569	47353	8810	11549	14789	2289	263	30015	265	430	107	908	53	891	0	0	0	155	0	3954	41336	2136	948	422	0	0	0	6108	106	732	0	0	106	0	481	190210	271640	14266	106	209899	440110	11366	37516	31993	122467	83391	293029	100918	63204	58016	54889	33170	16493	425597	10723	204504	0	3539	0	88821	0	8177	206042	5817	27551	61621	6861	0	48573	209	319	16084	1689	107955	787	287584	0	15396	1401	44898	26110	114791	203579	4024	17695	25753	31399	521539	242104	0	75370	522	737	18687	0	12748	0	74079	87004	6304	197000	27819	50127	355835	153447	171107	71409	60449	40060	407762	96322	68296	83455
Helicobacter_hepaticus	79	0	0	0	78	245	0	0	0	73	0	0	0	0	0	0	0	0	708	0	0	0	76	150	76	0	0	0	0	546	236	376	75	0	0	220	387	0	240	75	158	0	370	0	0	0	0	0	0	0	0	0	157	0	77	480	159	0	0	75	0	73	0	150	0	150	2260	585	0	0	225	0	0	0	0	0	363	1258	226	77	75	0	0	0	0	0	226	0	73	0	0	0	224	0	0	0	149	0	0	0	0	0	0	365	0	0	217	0	0	0	0	0	0	0	0	1179	0	0	0	0	0	0	0	301	150	0	0	0	0	0	75	150	0	550	0	0	0	0	0	301	0	0	0	0	0	0	0	0	0	0	979	0	0	0	0	0	77	0	0	0
Helicobacter_japonicus	1224240	238591	1187825	733806	2565348	101239	66956	50131	0	5626569	0	3384214	1255356	3206	82	0	0	13362	375844	1484	6631	65342	17037	219939	126221	7587	34903	58449	17653	1350713	117989	482702	81790	92016	70930	247003	157532	64483	566544	186910	281975	0	150591	0	609343	3334	86963	4327	0	15903	28736	0	98715	16910	52919	1294330	172696	381762	377018	220551	57054	171422	47570	179269	35962	60147	1800177	410292	21806	44645	139912	50300	54040	91153	53997	1202708	209248	441389	203570	118525	113743	66918	50451	51528	109090	78100	260593	661475	164461	461223	162603	98770	616882	65708	56867	1217	187454	2921	54192	90980	67261	61436	84595	217316	0	184551	253908	80148	78272	159585	85861	27779	32367	35068	17720	818583	50067	38030	113378	89436	35491	17389	79842	701171	155018	12030	44696	95736	70952	933379	75077	616855	72821	172845	68666	45303	71674	40702	15766	214921	70847	31129	7051	16834	40202	8857	2839	106831	10938	20907	1991015	250073	4272	19239	95201	17747	133105	86663	1643	42072
Enterobacter_cloacae_complex	0	2049	4430	0	0	0	0	0	0	0	0	0	0	0	0	0	0	0	0	0	2311	0	0	0	0	0	0	0	0	0	0	0	0	0	0	0	0	0	0	0	0	0	0	0	0	0	0	0	0	0	0	0	0	0	0	0	0	0	0	0	0	0	0	0	0	0	0	0	0	0	0	0	0	0	0	0	0	0	0	0	0	0	0	0	0	0	0	0	0	0	0	0	0	0	0	0	0	0	0	0	0	0	0	0	0	0	0	0	0	0	0	0	0	0	0	0	0	0	0	0	0	0	0	0	0	0	0	0	0	0	0	0	0	0	0	0	0	0	0	0	0	0	0	0	0	0	0	0	0	0	0	0	0	0	0	0	0	0	0	0
Escherichia_coli	0	6323	6882	0	0	0	0	0	0	153439	5263	0	23514	2150	0	0	0	0	0	0	5300	276890	0	4103	4253	21009	0	0	0	0	0	0	0	21085	0	0	0	0	0	1856	4152	354	0	34762	26018	0	0	0	0	0	0	0	0	0	0	1823	0	0	0	233124	0	0	0	0	0	0	0	0	0	0	0	0	0	0	0	0	0	0	0	0	0	0	2504	0	0	0	0	10648	739	0	12487	0	0	8445	380	163168	1719	0	2818575	0	28712	0	0	0	0	0	1975298	0	0	0	8990	0	0	0	0	0	0	0	0	0	0	0	3903	0	0	1102	38212	0	5663	0	0	0	0	0	0	0	0	0	0	0	0	0	0	0	0	0	109978	353	87880	0	0	0	9538	7834	42671	1430	10682	0	0	221335
Klebsiella_michiganensis	0	0	0	815	0	0	0	0	0	0	0	0	0	0	0	0	0	0	0	0	0	0	0	0	0	0	0	0	0	0	0	0	0	0	0	0	0	0	0	0	0	0	0	0	0	0	0	0	0	0	0	0	0	0	0	0	0	0	0	0	0	0	0	0	0	0	0	0	0	0	0	0	0	0	0	0	0	0	0	0	0	0	0	0	0	0	0	0	0	0	0	0	0	0	0	0	0	0	0	0	0	0	0	0	0	0	0	0	0	0	0	0	0	0	0	0	0	0	0	0	0	0	0	0	0	0	0	0	0	0	0	0	0	0	0	0	0	0	0	0	0	0	0	0	0	0	0	0	0	0	0	0	0	0	0	0	0	0	0	0
Klebsiella_pneumoniae	0	0	0	0	0	0	0	0	0	0	0	0	0	0	0	0	0	0	0	0	0	0	0	0	0	0	0	0	0	0	0	0	0	0	0	0	0	0	0	0	0	0	0	0	0	0	0	0	0	0	0	0	0	0	0	0	0	0	0	0	0	0	0	0	0	0	0	0	0	0	0	0	0	0	0	0	0	0	0	0	0	0	0	0	0	0	0	0	0	0	0	0	0	950	0	0	0	0	0	0	1794	0	0	0	0	0	0	0	0	0	0	0	0	0	0	0	0	0	0	0	0	0	0	0	0	0	0	0	0	0	0	0	0	0	0	0	0	0	0	0	0	0	0	0	0	0	38218	0	0	0	0	0	0	0	0	0	0	0	0	0
Klebsiella_quasipneumoniae	0	0	0	0	0	0	0	0	0	0	0	0	0	0	0	0	0	0	0	0	0	0	0	0	0	0	0	0	0	0	0	0	0	0	0	0	0	0	0	0	0	0	0	0	0	0	0	0	0	0	0	0	0	0	0	0	0	0	0	0	0	0	0	0	0	0	0	0	0	0	0	0	0	0	0	0	0	0	0	0	0	0	0	0	0	0	0	0	0	0	0	0	0	0	0	0	0	0	0	0	0	0	0	0	0	0	0	0	0	0	0	0	0	0	0	0	0	0	0	0	0	0	0	0	0	0	0	0	0	0	0	0	0	0	0	0	0	0	0	0	0	0	0	0	0	0	4623	0	0	0	0	0	0	0	0	0	0	0	0	0
Klebsiella_variicola	0	0	0	0	0	0	0	0	0	0	0	0	0	0	0	0	0	0	0	0	0	0	0	0	0	0	0	0	0	0	0	0	0	0	0	0	0	0	0	0	0	0	0	0	0	0	0	0	0	0	0	0	0	0	0	0	0	0	0	0	0	0	0	0	0	0	0	0	0	0	0	0	0	0	0	0	0	0	0	0	0	0	0	0	0	0	0	0	0	0	0	0	0	0	0	0	0	0	0	0	0	0	0	0	0	0	0	0	0	0	0	0	0	0	0	0	0	0	0	0	0	0	0	0	0	0	0	0	0	0	0	0	0	0	0	0	0	0	0	0	0	0	0	0	0	0	11979	0	0	0	0	0	0	0	0	0	0	0	0	0
Proteus_hauseri	0	0	0	0	0	0	1125	0	0	0	0	0	0	0	0	0	282	0	0	0	0	0	0	0	0	0	0	0	0	0	0	0	0	6240	0	0	0	0	0	0	0	0	0	0	0	0	0	0	0	0	0	0	0	0	0	0	0	0	0	0	0	0	0	0	0	0	0	0	0	0	0	0	0	359	0	0	0	0	0	0	0	0	0	0	0	0	0	0	0	0	11643	0	842	326	0	5127	0	0	0	0	0	0	0	0	0	0	3054	0	0	0	0	0	0	0	0	0	0	0	0	0	0	0	0	0	0	0	0	324	0	0	0	0	0	0	0	953	0	0	0	0	0	0	0	0	0	0	0	0	0	0	0	0	0	0	3923	858	0	0	0	0
Proteus_penneri	0	0	0	0	0	0	0	0	0	0	0	0	0	0	0	0	0	0	0	0	0	0	0	0	0	0	0	0	0	0	0	0	0	361	0	0	0	0	0	0	0	0	0	0	0	0	0	0	0	0	0	0	0	0	0	0	0	0	0	0	0	0	0	0	0	0	0	0	0	0	0	0	0	0	0	0	0	0	0	0	0	0	0	0	0	0	0	0	0	0	2268	0	0	0	0	1191	0	0	0	0	0	0	0	0	0	0	0	0	0	0	0	0	0	0	0	0	0	0	0	0	0	0	0	0	0	0	0	0	0	0	0	0	0	0	0	0	0	0	0	0	0	0	0	0	0	0	0	0	0	0	0	0	0	0	0	0	0	0	0	0
Proteus_vulgaris	0	0	0	0	0	0	0	0	0	0	0	0	0	0	0	0	0	0	0	0	0	0	0	0	0	0	0	0	0	0	0	0	0	657	0	0	0	0	0	0	0	0	0	0	0	0	0	0	0	0	0	0	0	0	0	0	0	0	0	0	0	0	0	0	0	0	0	0	0	0	0	0	0	0	0	0	0	0	0	0	0	0	0	0	0	0	0	0	0	0	0	0	0	0	0	232	0	0	0	0	0	0	0	0	0	0	0	0	0	0	0	0	0	0	0	0	0	0	0	0	0	0	0	0	0	0	0	0	0	0	0	0	0	0	0	0	0	0	0	0	0	0	0	0	0	0	0	0	0	0	0	0	0	0	0	0	0	0	0	0
Rodentibacter_heylii	0	0	0	0	0	0	0	0	0	0	0	0	0	36345	0	460	1335	0	0	0	0	1279	158637	1363	0	0	246	5206	0	0	0	0	0	0	0	0	0	0	0	0	0	625	0	0	0	0	0	0	0	0	0	0	0	0	0	376	0	0	0	106	0	0	0	0	0	0	0	0	0	0	0	0	0	0	0	0	0	612	0	0	0	0	0	0	0	0	0	0	0	0	4848	0	0	0	0	0	0	0	0	0	0	0	0	0	0	0	0	0	0	0	0	0	0	0	0	0	0	0	0	0	0	0	0	0	0	0	0	0	0	0	0	0	125	0	0	2534	0	0	0	0	0	0	0	0	0	0	2095	0	0	0	0	0	0	0	0	1676	0	0	0	0
Acinetobacter_johnsonii	0	0	0	0	0	0	0	0	0	0	0	0	0	0	0	0	0	0	0	0	0	0	0	0	0	0	0	0	0	0	0	0	0	0	0	0	0	0	0	0	0	0	0	0	0	0	0	0	0	0	0	0	0	0	0	0	0	0	0	0	0	0	0	0	0	0	0	0	0	0	0	0	0	0	0	0	0	0	0	0	0	0	0	0	0	0	0	0	0	0	0	0	0	0	0	0	0	0	0	0	0	0	0	0	0	0	0	0	0	0	0	0	0	0	0	0	0	0	0	0	0	0	0	0	0	0	95	0	0	0	0	0	0	0	0	0	0	0	0	0	0	0	0	0	0	0	0	0	0	0	0	0	0	0	0	0	0	0	0	0
Psychrobacter_pasteurii	20308	7771	19645	2050	21489	24245	31793	26112	24203	242	22964	0	0	236209	161798	0	1061	0	377	1336	34948	0	0	0	0	956	0	0	0	0	0	0	0	0	0	0	0	0	0	0	0	0	237	0	0	0	0	0	1073	0	0	0	0	0	0	0	625	0	0	505	0	2061	1190	0	1480	2784	1108	1710	0	0	0	0	0	0	2443	0	0	0	0	0	0	0	0	2024	0	0	0	0	0	4645	64	4040	4561	0	2887	14854	4113	0	2287	0	1073	0	1065	0	637	415	0	0	0	0	0	0	1639	10752	793	0	1620	1976	0	0	0	1939	128	563	0	0	0	0	0	0	364	0	0	0	1521	0	0	803	0	0	4243	0	0	2656	0	0	0	0	0	0	0	0	0	0	0	0	0	0	0	0
Psychrobacter_piechaudii	0	0	0	0	0	0	216	0	0	0	0	0	0	2780	1964	0	0	0	0	0	112	0	0	0	0	0	0	0	0	0	0	0	0	0	0	0	0	0	0	0	0	0	0	0	0	0	0	0	0	0	0	0	0	0	0	0	0	0	0	0	0	0	0	0	0	0	0	0	0	0	0	0	0	0	0	0	0	0	0	0	0	0	0	0	0	0	0	0	0	0	0	0	0	0	0	0	0	0	0	0	0	0	0	0	0	0	0	0	0	0	0	0	0	0	0	0	0	0	0	0	0	0	0	0	0	0	0	0	0	0	0	0	0	0	0	0	0	0	0	0	0	0	0	0	0	0	0	0	0	0	0	0	0	0	0	0	0	0	0	0
Stenotrophomonas_maltophilia	0	0	0	0	0	0	0	0	0	0	0	0	0	0	0	0	0	0	0	0	0	0	0	0	0	0	0	0	0	0	0	0	0	924	0	0	0	0	0	0	0	0	0	0	0	0	0	0	0	0	0	0	0	0	0	0	0	0	0	0	0	0	0	0	0	0	0	0	0	0	0	0	0	0	0	0	0	0	0	0	0	0	0	0	0	0	0	0	0	0	0	0	0	0	0	0	0	0	0	0	0	0	0	0	0	0	0	0	0	0	0	0	0	0	0	0	0	0	0	0	0	0	0	0	0	0	0	0	0	0	0	0	0	0	0	0	0	0	0	0	0	0	0	0	0	0	0	0	0	0	0	0	0	0	0	0	0	0	0	0
Xanthomonas_sacchari	0	0	0	0	0	0	0	0	0	0	0	0	0	0	0	0	0	0	0	0	0	0	0	0	0	155	0	0	0	532	0	0	9491	6314	0	0	0	0	459	0	0	1389	722	143	0	0	0	0	0	277	2223	0	0	0	0	0	0	0	0	0	0	0	0	0	0	0	0	0	0	0	0	0	0	0	0	0	0	0	0	0	0	0	0	0	0	0	0	0	0	0	0	0	0	0	0	0	0	0	0	0	0	0	0	0	0	0	0	0	0	3351	0	0	0	0	0	0	2166	0	683	0	0	0	1291	3893	0	7488	154	0	581	0	786	0	0	0	0	0	0	150	0	0	0	0	553	0	0	0	0	0	0	0	0	0	0	0	0	0	0	0	0	0
Proteobacteria_bacterium_CAG_139	0	0	0	0	0	0	0	0	0	0	0	0	0	0	0	0	0	0	0	0	0	0	0	0	0	0	0	0	0	0	0	0	0	0	0	0	0	3399	2009	7016	4240	31149	51197	29142	2561	0	446236	0	0	515506	587952	0	0	0	0	0	0	0	0	0	0	0	0	0	0	0	0	0	0	0	0	0	0	0	0	0	0	0	0	0	0	0	0	0	0	0	0	0	0	0	0	0	0	0	0	0	0	0	0	0	0	0	0	0	0	0	0	0	0	0	0	0	0	0	0	0	0	0	0	0	0	0	2430	0	0	0	0	0	0	58927	33173	35690	4060	0	0	0	0	0	0	0	0	0	0	0	0	0	0	0	0	0	0	0	0	0	0	0	0	1005	0	0
Fretibacterium_fastidiosum	0	0	0	472	185	0	0	157	161	0	299	0	483	0	268	0	0	322	749	0	153	0	0	0	0	307	0	0	0	0	0	315	0	0	149	0	0	0	0	0	157	0	0	154	0	0	0	0	449	0	0	0	322	0	0	0	0	157	157	0	149	0	0	0	0	0	149	0	0	340	0	0	0	0	0	0	161	0	157	157	0	154	0	161	0	0	0	0	0	299	0	0	161	0	0	0	149	0	0	0	1048	0	0	0	0	0	0	0	0	0	0	0	0	0	0	0	0	0	0	315	0	157	0	0	0	157	0	0	0	472	0	0	0	315	749	0	157	161	0	161	0	0	0	0	0	0	0	0	0	0	157	299	0	0	599	449	0	473	0	140
Akkermansia_muciniphila	1427	32058732	19463	6877	1920	135988	100969	81238	7397	5722492	1069626	869	69635	19438	33	720145	139828	135645	2224591	1300261	85531	81590	14770	13299	203518	33745	95	0	293485	4931706	3787318	2673479	11010687	8572772	3358542	21972	11854	457508	50324	616462	61315	211821	138265	72960	717994	5848482	6328434	6502331	5062091	6930191	7100339	11179659	2184988	2747722	8705204	729840	3620720	184525	150744	6091803	1541831	7212001	3378447	3614654	5189192	1645567	1945843	2340376	17631	6261502	5177725	14934	332528	323623	8636	4701026	5577977	1061262	13049667	5754821	14011944	7422850	5458420	5269758	1874759	3757224	2000067	173782	4548216	5154714	6387788	713223	404720	9146895	9515909	14579088	7949837	10523733	11984671	7991957	5795728	4857265	1224749	4995827	5833046	10326312	12252254	2720082	665662	8583207	248936	8295307	10116519	7305890	10888443	1986508	10775032	5764597	2794840	5511077	4609109	5445039	22911064	4711978	3583996	1925584	467661	95570	14901	41898	1522741	176281	760592	20026	8898617	9670619	10828316	252504	10457910	4281259	8650	5336253	23579	7527469	111588	26412	1592975	12657805	11028244	20986080	10847096	10509334	31803376	3112279	805	3508846	8002389	102667	747	97
