clade_name	WT_M_3_1	WT_M_3_2	WT_M_3_3	WT_M_3_4	WT_M_3_5	WT_M_3_6	WT_M_1_5	WT_M_1_4	WT_M_1_3	WT_M_1_2	WT_F_3_1	WT_F_3_2	WT_F_3_3	WT_F_3_4	WT_F_3_5	WT_F_3_6	WT_F_3_7	WT_F_3_8	WT_F_1_5	WT_F_1_4	WT_F_1_3	WT_F_1_2	WT_F_1_1	W_M_3_8	W_M_3_7	W_M_3_6	W_M_3_5	W_M_3_4	W_M_3_3	W_M_3_2	W_M_3_1	W_M_1_8	W_M_1_7	W_M_1_6	W_M_1_5	W_M_1_4	W_M_1_3	W_M_1_2	W_M_1_1	W_F_3_8	W_F_3_7	W_F_3_6	W_F_3_5	W_F_3_4	W_F_3_3	W_F_3_2	W_F_3_1	W_F_1_8	W_F_1_6	W_F_1_5	W_F_1_4	W_F_1_3	W_F_1_2	W_F_1_1	P_M_3_8	P_M_3_7	P_M_3_6	P_M_3_5	P_M_3_4	P_M_3_3	P_M_3_2	P_M_3_1	P_M_1_8	P_M_1_7	P_M_1_6	P_M_1_5	P_M_1_4	P_M_1_3	P_M_1_2	P_M_1_1	P_F_3_8	P_F_3_7	P_F_3_6	P_F_3_5	P_F_3_4	P_F_3_3	P_F_3_2	P_F_1_7	P_F_1_6	P_F_1_5	P_F_1_4	P_F_1_3	P_F_1_2	P_F_1_1	C_M_1_1	C_M_1_2	C_M_1_3	C_M_1_4	C_M_1_5	C_M_1_6	C_M_1_7	C_M_1_8	C_M_1_9	C_M_1_10	C_M_1_11	C_M_1_12	C_F_1_1	C_F_1_2	C_F_1_3	C_F_1_4	C_F_1_5	C_F_1_6	C_F_1_7	C_F_1_8	C_F_1_9	C_F_1_10	C_F_1_11	C_F_1_12	C_F_1_13	C_F_1_14	B_M_3_6	B_M_3_4	B_M_3_3	B_M_3_2	B_M_3_1	B_M_1_1	B_M_1_2	B_M_1_3	B_M_1_4	B_M_1_5	B_M_1_6	B_M_1_7	B_M_1_8	B_M_1_9	B_M_1_10	B_M_1_11	B_M_1_12	B_F_3_8	B_F_3_7	B_F_3_6	B_F_3_5	B_F_3_4	B_F_3_3	B_F_3_2	B_F_3_1	B_F_1_1	B_F_1_2	B_F_1_3	B_F_1_4	B_F_1_5	B_F_1_6	B_F_1_7	B_F_1_8	B_F_1_9	B_F_1_10	B_F_1_11	C_M_3_1	C_M_3_2	C_M_3_3	C_M_3_4	C_M_3_5	C_M_3_6	C_M_3_7	C_M_3_8	C_F_3_1	C_F_3_2	C_F_3_3	C_F_3_4	C_F_3_5	C_F_3_6	C_F_3_7	C_F_3_8
Bifidobacterium_animalis	0	0	0	0	0	0	0	0	0	0	0	0	0	0	0	0	0	0	0	0	0	0	0	0	0	0.03224	0	0	0	0	0.0207	0.00343	0	0	0	0	0	0.04146	0.00667	0	0.0107	0.00649	0.00972	0	0.00812	0.02744	0	0	0	0	0.0077	0.00972	0.01027	0.00852	0	0	0	0	0	0	0	0	0	0	0	0	0	0	0	0	0	0	0	0	0	0	0	0	0	0	0	0	0	0	0	0	0	0	0	0	0	0	0	0	0	0.02301	0	0	0	0	0	0	0	0	0	0	0.00497	0	0	0	0	0	0	0	0.01626	0	0	0	0	0	0	0	0	0	0	0	0	0	0	0	0	0	0	0	0	0	0	0	0	0	0	0	0	0	0	0	0	0	0	0	0	0	0	0	0	0	0	0	0	0	0	0
Bifidobacterium_pseudolongum	13.45564	0.42576	12.48899	0.9098	0.70941	8.86241	9.82975	10.76869	4.62965	0.93747	0.24934	2.93541	1.58429	1.98277	0.37299	0.59228	1.78457	12.93295	0.05225	0.00099	0.79628	2.36202	0.01015	0.22872	0.3801	0.3967	0.41079	0.01738	4.26837	1.00186	0.52792	2.84108	4.94652	0.34057	0.62836	0.60123	1.29846	1.83539	0.20816	0.45417	5.13961	0.79445	0.61962	1.76957	7.72586	3.088	2.38162	0.36313	1.48552	0.19045	0.37461	0.9349	0.74704	0.18578	0.29544	0.02918	0.86377	0.0789	0.55948	0.89531	0.58593	0.14827	0.58932	1.39714	5.96387	1.25747	1.61006	0.84834	0.76142	1.82026	5.88698	0.60483	1.48361	0.85162	9.03518	2.22192	3.11097	1.65647	0.2112	4.65284	3.75599	2.40115	1.77771	1.74165	0.03039	0.2753	0.00874	0.08712	0.01131	0.00706	0.0183	0.16519	0.06348	0.03232	0.05408	0.03084	0.90512	0.07812	0.55944	0.0228	0.09722	0.10687	0.12637	0.2595	0.71702	0.25285	0.36328	0.04478	0.08858	0.08822	0.13109	0.49675	0.60935	0.15615	0.23772	2.52879	3.64832	0.09286	0.88048	0.37017	0.17726	0.16881	0.28046	1.77856	0.16946	0.33431	1.40157	0.50791	0.94924	0.9654	0.33643	0.61375	0.74995	0.90215	0.30288	0.59926	0.03899	0.05417	0.40435	0.09397	0.01192	0.24008	0.03418	1.28439	0.03551	1.76167	0.02449	0.00221	0.12549	0.10409	0.06021	0.03607	0.02494	0.05846	0.00402	0.00378	0.00847	0.10446	0.00679	0.73622	0.11325	0.01466
Gardnerella_vaginalis	0	0	0	0	0	0	0	0	0	0	0	0	0	0	0	0	0	0	0	0	0	0	0	0	0	0	0	0	0	0	0	0	0	0	0	0	0	0	0	0	0	0	0	0	0	0	0	0	0	0	0	0	0	0	0	0	0	0	0	0	0	0	0	0	0	0	0	0	0	0	0	0	0	0	0	0	0	0	0	0	0	0	0	0	0	0	0	0	0	0	0	0	0	0	0	0	0	0	0	0	0	0	0	0	0	0	0	0	0	0	0	0	0	0	0	0	0	0	0	0	0	0	0	0	0	0	0	0	0	0	0	0	0	0	0	0	0	0	0	0	0	0	0	0	0	0.01071	0	0	0	0	0	0	0	0	0	0	0	0	0	0	0	0
Corynebacterium_amycolatum	0	0	0	0	0	0	0	0	0	0	0	0	0	0	0	0.00299	0	0	0	0	0	0	0	0	0	0	0	0	0	0	0	0	0	0	0	0	0	0	0	0	0	0	0	0	0	0	0	0	0	0	0	0	0	0	0	0	0	0	0	0	0	0	0	0	0	0	0	0	0	0	0	0	0	0	0	0	0	0	0	0	0	0	0	0	0	0	0	0	0	0	0	0	0	0	0	0	0	0	0	0	0	0	0	0	0	0	0	0	0	0	0	0	0	0	0	0	0	0	0	0	0	0	0	0	0	0	0	0	0	0	0	0	0	0	0	0	0	0	0	0	0	0	0	0	0	0	0	0	0	0	0	0	0	0	0	0	0	0	0	0	0	0
Corynebacterium_glutamicum	0	0	0	0	0	0	0	0	0	0	0	0	0	0	0	0	0	0	0	0	0	0	0	0	0	0	0	0	0	0	0	0	0	0	0	0	0	0	0	0	0	0	0	0	0	0	0	0	0	0	0	0	0	0	0	0	0	0	0	0	0	0	0	0	0	0	0	0	0	0	0	0	0	0	0	0	0	0	0	0	0	0	0	0	0	0	0	0	0	0	0	0	0	0	0	0	0	0	0	0	0	0	0	0	0	0	0	0	0	0	0	0	0	0	0	0	0	0	0	0	0	0	0	0	0	0	0	0	0	0	0	0	0	0	0	0	0	0	0	0	0	0	0	0	0	0.00846	0	0	0	0	0	0	0	0	0	0	0	0	0	0	0	0
Corynebacterium_stationis	0	0	0	0	0	0.0034	0.01487	0.00563	0	0	0	0	0	0	0	1.04769	0.6451	0.03132	0.36148	0.317	0.12574	0.55521	0.08938	0	0	0	0	0	0	0	0	0	0.00127	0	0	0	0	0	0	0	0	0	0	0	0.00641	0	0	0	0	0	0.00905	0	0	0	0	0	0.01138	0	0.0021	0	0	0.01665	0.00218	0	0	0	0	0.16153	0.00429	0.01733	0	0	0	0	0	0	0.04036	0	0	0	0	0	0	0	0	0.00669	0	0	0	0.01127	0	0.01772	0	0.03096	0.06902	0	0.00932	0.01791	0.02532	0	0.02135	0	0	0	0.03534	0	0	0	0.01505	0	0	0	0	0	0	0.00745	0.05243	0	0.08921	0.09244	0	0	0	0	0	0	0	0	0	0	0	0	0	0	0	0	0.00617	0	0.0501	0	0.00113	0	0.00488	0.00591	0	0.10063	0	0	0	0	0	0	0	0	0	0	0	0	0	0	0	0
Cutibacterium_acnes	0	0	0	0	0	0	0	0	0	0	0	0	0	0	0	0	0	0	0	0	0	0	0	0	0	0	0	0	0	0	0	0	0	0	0	0	0	0	0	0	0	0	0	0	0	0	0	0	0	0	0	0	0	0	0	0	0	0	0	0	0	0	0	0	0	0	0	0	0	0	0	0	0	0	0	0	0	0.00051	0	0	0	0	0	0	0	0	0	0	0	0	0	0	0	0	0	0	0	0	0	0	0	0	0	0	0	0	0	0	0	0	0	0	0	0	0	0	0	0	0	0	0	0	0	0	0	0	0	0	0	0	0	0	0	0	0	0	0	0	0	0	0	0	0	0	0	0	0	0	0	0	0	0	0	0	0	0	0	0	0	0	0	0
Atopobium_deltae	0	0	0	0	0	0	0	0	0	0	0	0	0	0	0	0	0	0	0.00389	0	0	0	0	0	0	0	0	0	0	0	0	0	0	0	0	0	0	0	0	0	0	0	0	0	0	0	0	0	0	0	0	0	0	0	0	0	0	0	0	0	0	0	0	0	0	0	0	0	0	0	0	0	0	0	0	0	0	0	0	0	0	0	0	0	0	0	0	0	0	0	0	0	0	0	0	0.00028	0	0	0	0	0	0	0	0	0	0	0	0	0	0	0	0	0	0	0	0	0	0	0	0	0	0	0	0	0	0	0	0	0	0	0	0	0	0	0	0	0	0	0	0	0	0	0	0	0	0	0	0	0	0	0	0	0	0	0	0	0.00073	0	0	0	0	0
Atopobium_vaginae	0	0	0	0	0	0	0	0	0	0	0	0	0	0	0	0	0	0	0	0	0	0	0	0	0	0	0	0	0	0	0	0	0	0	0	0	0	0	0	0	0	0	0	0	0	0	0	0	0	0	0	0	0	0	0	0	0	0	0	0	0	0	0	0	0	0	0	0	0	0	0	0	0	0	0	0	0	0	0	0	0	0	0	0	0	0	0	0	0	0	0	0	0	0	0	0	0	0	0	0	0	0	0	0	0	0	0	0	0	0	0	0	0	0	0	0	0	0	0	0	0	0	0	0	0	0	0	0	0	0	0	0	0	0	0	0	0	0	0	0	0	0	0	0	0	0.00163	0	0	0	0	0	0	0	0	0	0	0	0	0	0	0	0
Olsenella_profusa	0	0	0	0	0	0	0	0	0	0	0	0	0.0001	0	0	0	0.00097	0	0	0	0	0	0	0	0	0	0	0	0	0	0	0	0	0	0	0	0.00027	0	0	0	0	0	0	0	0	0	0	0	0	0	0.00096	0.00056	0.00088	0	0	0	0	0	0	0	0	0	0	0	0	0	0	0	0	0	0	0	0	0	0	0	0	0	0	0	0	0	0	0	0.0014	0.00037	0.00042	0	0	0.00115	0.0002	0.00017	0.00086	8.00E-05	0	8.00E-05	0.00145	0.00064	0.00244	0	0.00177	0	0.0023	0	0.00101	0	0.00015	0	0.00052	0	0	0	0	0	0	0	0	0	0	0	0	0	0	0	0	0	0	0	0	0	0	0	0	0	0	0	0	0	0	0	0	0	0	0	0	0	0.00051	0.00167	0.00047	0	0.00033	0.00101	0.00018	0	0	0	0	0.00034	0	0	0	0
Olsenella_scatoligenes	0.00427	0.00312	0.00685	0.00458	0.00066	0.01287	0.01154	0.00952	0.00132	0.00256	0.00242	0.00736	0.00721	0.00427	0	0.00883	0.01126	0.00248	0	0	0.00407	0.00529	0	0	0	0.00063	0	0	0.00348	0	0.00953	0.00552	0.01104	0.00127	0.00468	0.01796	0.02672	0.00395	0.00895	0.00457	0.00597	0.00203	0.00407	0.00061	0.0019	0	0.00466	0.01198	0.02708	0.00784	0.03877	0.02651	0.02361	0.00633	0.00122	0.00262	0.00609	0	0.00156	0.0005	0.00126	0.00231	0.00081	0.00538	0.00282	0.00261	0.00334	0	0.00041	0	0.00041	0	0	0.00023	0.00327	0	0.00264	0.00064	0	0.00388	0	0.00028	0.00426	0.00704	0.03807	0.01362	0.01991	0.01993	0.02436	0.04637	0.00844	0.01336	0.04262	0.01566	0.00918	0.00855	0.01494	0.01143	0.03472	0.00928	0.07755	0.00806	0.05924	0.00835	0.06557	0.00381	0.00648	0.01277	0.03177	0.00402	0	0.00016	0	0.00064	0	0.00233	0	0	0	0	0.00329	0	0.00381	0.00137	0.00323	0	0.00161	0	0	0	0	0	0	0	0	0.00053	0.00455	0	0	0.00073	0.00134	0	0.00054	0.00287	0.00167	0.00295	0.04885	0.10343	0.01599	0.00692	0.01119	0.02064	0.01036	0.00662	0.00663	0.0128	0.00502	0.02903	0.00254	0.01295	0.02056	0.00877
Collinsella_aerofaciens	0.0013	0	0.00152	0.00052	0	0	0	0	0	0.00042	0	0	0.00071	0	0	0.00122	0.00088	0	0	0	0	0	0	0	0	0	0	0	0	0	0	0	0.00146	0	0	0.00148	0.00387	0	0	0.00353	0	0	0.00365	0	0	0	0	0.00073	0.00206	0	0.0054	0.00257	0.00284	0	0	0	0	0	0	0	0	0	0	0.00052	0	0	0	0	0	0	0	0	0	0	0	0	0.00183	0	0	0.00059	0	0	0.00087	0	0.00439	0	0	0.00225	0.00116	0.00139	0.00046	0.00232	0.00473	0.00271	0.00226	0.00029	0.00188	0.0007	0.0024	0	0.00689	0.00068	0.00218	0.00208	0.00431	0.00065	0	0.00251	0.00154	0	0	0	0	0	0	0	0	0	0	0	0	0	0	0.00052	0.00029	0	0	0	0	0	0	0	0	0	0	0	0	0	0	0	0	0	0	0	0	0	0.00662	0.01024	0.00224	0	0	0.00245	0.00133	0	0.00181	0.00084	0	0.00604	0	0.00149	0.00262	0
Collinsella_intestinalis	0.00028	0.00036	0	0	0	0	0	0.00103	0	0	0	0.00135	0.00121	0	0	0.00051	0.00077	0	0	0	0	0	0	0	0	0	0	0	0	0	0	0	0	0	0	0.00199	0.00082	0	0	0	0.00065	0	0	0	0	0	0	0	0	0	0.00174	0.00169	0.00041	0	0	0	0	0	0	0	0	0	0	0	0	0	0	0	0	0	0	0	0	0	0	0	0	0	0	0	0	0	0	0.00048	0.00189	0	0	0.00096	0.0029	0.00435	0.00053	0.00152	0.00403	0.00131	0	0	0.00158	0.00031	0.00163	0.00255	0.00453	0.00114	0.00903	0	0.00265	0	0	0	0.00292	0	0	0	0	0	0	0	0	0	0	0	0	0	0	0	0	0	0	0	0	0	0	0	0	0	0	0	0.00036	0	0	0	0	0	0	0	0	0	0.00079	0.00735	0.00145	0	0.00051	0.00059	0.00161	0.00039	0.00022	0.00071	0	0.00207	0	0.00082	0.00143	0
Collinsella_stercoris	0	0	0.00078	0	0	0.00454	0.00208	0.0031	0	0.00023	0.00065	0.00164	0.00097	0.00062	0	0.00034	0.00103	0.00134	0	0	0.00265	0	0	0	0	0	0	0	0	0	0	0	0.00835	0	0	0.00079	0.00269	0	0	0	0	0	0	0	0	0	0	0.00081	0.00308	0.00149	0.00911	0.00343	0.00426	0.00118	0	0	0	0	0	0	0	0	0	0.00052	0	0	0	0	0	0	0	0	0	0	0.00159	0	0	0.0004	0	0.00272	0	0	0.00138	0.00122	0.00973	0.00079	0.00278	0.00601	0.00616	0.00427	0.00392	0.00471	0.00931	0.00175	0.00074	0.00116	0.00983	0.00231	0.0121	0.00094	0.01094	0.0011	0.01344	0.00039	0.01096	0	0	0.00086	0.00462	0	0	0	0	0	0	0.00014	0	0	0	0	0	0	0	0	0	0	0	0	0	0	0	0	0	0	0	0	0.00112	0	0	0	0	0	0	0	0	0.0003	0.00377	0.01989	0.00543	0.00385	0.00362	0.00228	0.00094	0.00301	0.00058	0.0031	0.00238	0.00803	0	0.00182	0.00513	0.00196
Collinsella_massiliensis	0.00393	0.00299	0.00653	0.00318	0.00084	0.01232	0.00946	0.00912	0.00223	0.00363	0.00453	0.00966	0.01069	0.00598	0.00036	0.00533	0.01173	0.00338	0	0	0.00418	0.00905	0	0	0	0.00202	0.00126	0	0.00236	0	0.00821	0.00176	0.0088	0.00054	0.00311	0.01183	0.01768	0.00164	0.009	0.00097	0.00506	0.00177	0.00253	0	0.00242	0.00087	0.00229	0.0145	0.02094	0.00602	0.02736	0.01698	0.01731	0.00535	0.00068	0.00569	0.00485	0	0	0	0	0.00435	0.00344	0.00435	0.001	0.00066	0.00287	0	0.00024	0	0	0	0.00026	0	0.00524	0	0.00343	0.00058	0.00034	0.00237	0	0	0.00241	0.00561	0.04105	0.01155	0.0133	0.01831	0.028	0.03821	0.0071	0.00849	0.0389	0.01045	0.01215	0.00859	0.01577	0.01093	0.02528	0.01262	0.0601	0.00565	0.06524	0.00309	0.05272	0.00247	0.01062	0.00824	0.02905	0.0006	0	0.00073	0	0.0015	0.00031	0.00271	0	0	0	0	0.00241	0	0.00315	0.00125	0.00163	0	0.00275	0.0002	0.00128	0	0.00013	0	0	0	0	0.00172	0.00368	0	0	0.00085	0.00245	0.00084	0.00038	0	0.00094	0.00414	0.03129	0.09116	0.01437	0.00524	0.00674	0.01699	0.00973	0.00602	0.0053	0.01344	0.00924	0.0296	0.00275	0.00988	0.01951	0.00898
Enorma_massiliensis	0.00053	0.00033	0.00472	0.00079	0	0.00366	0.00419	0.00605	0.00394	0.00033	0.00136	0	0.00367	0.00328	0	0.00253	0.00379	0	0	0	0.00222	0.00169	0	0	0	0	0	0	0	0	0.0029	0.00038	0.00458	0.00068	0.00137	0.00113	0.00077	0	0.00334	0.00125	0.00249	0	0	0	0.00084	0	0	0.00058	0.00368	0.00226	0.00547	0.00635	0.00216	0.00033	0	0	0.00157	0	0	0	0	0	0	0.00148	0.00056	0	0	0	0	0	0	0	0	0	0	0	0.00036	0	0	0.00149	0	0	0	0.00445	0.01077	0.01122	0.00179	0.00347	0.00501	0.00945	0.0008	0.01064	0.00436	0.00552	0.00198	0.0007	0.00481	0.00074	0.00449	0.0033	0.00952	0.00104	0.02885	0.00107	0.01766	0.00086	0.00039	0.0034	0.00901	0.00088	0	0	0	0	0	0	0	0	0	0	0	0	0	0	0	0	0	0	0	0	0	0	0	0	0	0	0.0006	0	0	0.00053	0	0	0	0	0.00084	0	0.00668	0.01137	0.00134	0.00267	0.00174	0.00107	0.00266	0.0019	0.00038	0.00127	0.00198	0.00407	0	0.00039	0.00326	0.00214
Adlercreutzia_equolifaciens	0.00131	0.00366	0.00141	0.00186	0.00078	0.07118	0.08105	0.07444	0.03137	0.00288	0.00318	0.0042	0.00204	0.00325	0.00396	0.00634	0.00436	0.06661	0.03637	0.05376	0.0179	0.00499	0.01692	0.09129	0.01126	0.02296	0.0141	0.03715	0.03798	0.01105	0.06968	0.01228	0.00108	0.00708	0.01091	0.00101	0.02544	0.017	0.02724	0.01045	0.01409	0.02157	0.01104	0.03209	0.01566	0.11359	0.01823	0.00104	0.00578	0	0.00598	0.00172	0.00208	0.00091	0.00295	0.11446	0.00024	0	0.00252	0.01328	0.00735	0.00684	0.00645	0.01868	0.00818	0.00569	0.00872	0.01886	0.00618	0.0159	0.03118	0.00626	0.00619	0.00369	0.01066	0.00415	0.02413	0.01266	0.00084	0.01755	0.00782	0.00172	0.00994	0.00868	0.00511	0.01526	0.01478	0.00092	0.00895	0.01186	0.00528	0.02269	0.0018	0.01277	0.01945	0.01263	0	0	0.00706	0	0.09379	0.00542	0.00228	0	0.01326	0	0.00075	0	0.00807	0	0.02283	0.05223	0.01744	0.00803	0.01117	0.01611	0.03072	0.0024	0.05715	0.03298	0.00654	0.0068	0.00585	0.13593	0.01903	0.01783	0.02666	0.01079	0.21817	0.08872	0.00372	0.01107	0.01782	0.003	0.00655	0.01841	0.02259	0.02217	0.0395	0.03406	0.01637	0.01504	0.00649	0.0251	0.00605	0.02335	0.00881	0.02787	0.02028	0.00308	0.00549	0.01997	0.01252	0.03189	0.00038	0.00466	0.04123	0.0123	0.01759	0.01385	0.01434	0.00767
Asaccharobacter_celatus	0.00138	0.00201	0.00229	0.00295	0.00081	0.0407	0.03551	0.03621	0.01401	0.00229	0.00388	0.00776	0.00258	0.0042	0.00315	0.00651	0.0051	0.04178	0.03797	0.03506	0.01376	0.00318	0.02093	0.02815	0.00258	0.0081	0.00428	0.00712	0.01186	0.00334	0.02605	0.00538	0.00071	0.00108	0.00397	0.00244	0.00885	0.00679	0.00896	0	0.00358	0.0086	0.00155	0.01102	0.00847	0.04326	0.00661	0.00056	0.00174	0	0.00583	0.00138	0.00141	0.00165	0.00124	0.04898	0.00068	0	0.00021	0.0051	0.00292	0.00381	0.00454	0.00818	0.00361	0.00228	0.0022	0.00876	0.00127	0.00799	0.00925	0.00188	0.00114	0.00195	0.00227	0	0.01061	0.00653	0.00126	0.00566	0.00255	0.00132	0.00293	0.00252	0.00254	0.00579	0.00704	0	0.00454	0.00385	0.00241	0.00833	0.00147	0.00462	0.00832	0.00507	0.0007	0	0.00479	0	0.03723	0.00088	0.00221	0	0.00508	0	0.00025	0	0.00441	0	0.00647	0.02766	0.00339	0.00334	0.00494	0.00673	0.01148	0	0.02339	0.01015	0.00443	0.00106	0	0.05243	0.01038	0.0101	0.01139	0.00404	0.12777	0.03466	0.00143	0.00596	0.00548	0.00201	0.00376	0.00962	0.01463	0.01247	0.01661	0.01308	0.0045	0.00502	0.00276	0.00902	0.00534	0.00904	0.00535	0.00831	0.01088	0.00194	0.00226	0.00854	0.00521	0.01628	0.00033	0.00346	0.03528	0.00484	0.00803	0.00498	0.00694	0.00117
Enterorhabdus_caecimuris	0.11373	0.02893	0.15617	0.17631	0.09679	0.23056	0.20361	0.21525	0.15429	0.05611	0.16273	0.35952	0.10003	0.21429	0.1945	0.24741	0.15433	0.37685	1.05931	0.49681	0.2335	0.17372	0.55696	0.01886	0	0.00273	0.00125	0.03498	0.00421	0	0.01463	0.00886	0.04902	0.00958	0.01906	0.02988	0.06345	0.01596	0.01774	0.01452	0.00943	0.0053	0.00761	0.02921	0.0294	0.04358	0.01263	0.02818	0.01297	0.01333	0.06996	0.01412	0.01055	0.0369	0.00587	0.10516	0.00445	0.00292	0.00911	0.00976	0.00565	0.00712	0.0389	0.03219	0.01356	0.01289	0.01566	0.06389	0.01796	0.01151	0.02743	0.00537	0.00153	0.00399	0.02177	0.0174	0.03571	0.00531	0.00205	0.02237	0.00441	0.00514	0.00653	0.00906	0.05419	0.0259	0.05377	0.01784	0.08583	0.02633	0.02992	0.0427	0.05792	0.01334	0.03372	0.09041	0.02928	0.01453	0.02284	0.01103	0.03909	0.01294	0.08837	0.02256	0.02316	0.00648	0.01962	0.00961	0.01139	0.01468	0.02022	0.02577	0.06803	0.00268	0.00786	0.00846	0.01562	0.00937	0.04883	0.01228	0.02363	0.00085	0.01993	0.03342	0.01339	0.00665	0.0134	0.00775	0.13831	0.05657	0.00157	0.00986	0.00349	0.00515	0.01227	0.03824	0.04436	0.03904	0.01013	0.03207	0.01865	0.00373	0.00834	0.00815	0.01633	0.00414	0.00595	0.01	0.09325	0.03477	0.06292	0.02487	0.00958	0.03942	0.01751	0.12267	1.01574	0.05993	0.01174	0.04083	0.04501	0.03854
Gordonibacter_pamelaeae	0	0	0	0	0	0.0016	0	0	0	0	0	0	0	0	0	0	0	0	0	0	0	0	0	0	0	0	0	0	0	0	0	0	0	0	0	0	0	0	0	0	0	0	0	0	0	0	0	0	0	0	0	0	0	0	0	0	0	0	0	0	0	0	0	0	0	0	0	0	0	0	0	0	0	0	0	0	0	0	0	0	0	0	0	0	0	0	0	0	0	0	0	0	0	0	0	0	0	0	0	0	0	0	0	0	0	0	0	0	0	0	0	0.00037	0	0	0	0	0	0	0	0	0	0	0	0	0	0	0	0	0.00536	0	0	0	0	0	0	0.00045	0.00034	0	0	0	0	0	0	0	0	0	0	0	0.00037	0	0	0	0	0	0	0	0.00591	0	0	0	0	0
Bacteroides_caecimuris	0	0.69125	0.00395	0.03324	0	0.13405	0.12428	0.10844	0.56512	0.10629	0	0	0	0	0	0.00351	0	0.53415	0.28534	0.19502	0.20855	0.04043	0.03896	0.23034	1.50966	1.81143	1.63424	1.95459	1.52839	0.88828	3.15347	0.62278	0.77175	0.5021	0.2485	0.14127	0.62624	0.17999	0.45781	0.66537	1.56314	0.38564	0.62589	1.81527	0.67504	1.82353	0.41283	1.47621	0.63997	1.94006	0.23212	0.43962	0.47804	0.06366	0.47378	0.67803	0.03095	0.6735	0.32153	0.59334	0.18215	0.84601	0.41033	0.59483	0.71831	0.57024	0.56013	4.20394	0.14217	0.04397	1.15933	0.58776	0.71182	0.73229	2.83023	0.56052	0.64295	1.08868	0.59559	0.7843	1.89746	1.34986	1.20606	0.35214	0.23284	0.03944	0.07398	0.02299	0.39192	0.03922	0.01655	0.22301	0.28736	0.02623	0.06399	0.06724	0.07791	0.04118	0.16575	0.08909	0.0205	0.31961	0.71038	0.51934	0.03412	0.47665	0.30804	0.02541	0.02382	0.04368	2.20154	1.45069	7.33126	0.47061	0.93328	1.25289	0.27512	0.22017	0.26697	0.12548	0.20364	1.69835	0.86994	1.57603	0.05522	0.87337	1.51004	0.29799	2.11496	3.2011	2.23528	2.57381	3.09709	0.48782	3.3956	0.37557	0.11449	0.41362	0.38736	1.55911	0.24956	0.14412	2.74975	0.11487	0.74601	0.6391	1.29633	1.14879	0.03843	0.13	0.22793	0.48201	0.36205	0.12009	0.21846	1.27381	3.25241	0.07433	0.14248	0.12081	0.07343	0.72509
Bacteroides_faecichinchillae	0	0	0	0	0	0.00247	0.00204	0	0.00309	0	0	0	0	0	0	0	0	0.04478	0.08887	0.0052	0	0	0	0	0	0	0	0	0	0	0	0	0	0	0	0	0	0.09024	0.12601	0	0	0	0	0	0	0	0	0	0	0	0.22907	0	0	0.10623	0	0	0	0	0	0	0	0	0	0	0	0	0	0	0	0	0	0	0	0	0	0	0	0	0	0	0	0	0	0	0	0	0	0	0	0	0	0	0	0	0	0	0	0	0	0	0	0	0	0	0	0	0.24786	0	0	0	0	0	0	0	0	0	0	0	0	0	0	0	0	0	0	0	0	0	0	0	0	0	0	0	0	0	0	0	0	0	0	0	0	0	0	0	0	0	0	0	0	0	0	0	0	0	0	0	0	0	0	0
Bacteroides_intestinalis	0	0	0	0	0	0	0	0	0	0	0	0	0	0	0	0	0	0.01021	0.14571	0	0	0	0	0	0.20675	0.63953	0.1682	0	0	0	0.14516	0.55829	0	0.87385	0	0	0	0.39858	0.27379	0.01536	0	0.00618	0	0	0	0	0	0	0	0.10583	0	0.0158	0.02267	0	0	0	0.14987	0	0	0.06794	0.00801	0	0	0.02851	0.00956	0.42405	0	0	0	0	0.03689	0	0.01902	0	0	0	0.00232	0.12575	0.07247	0.06535	0.11283	0.282	0	0	0	0.01025	0	0.00544	0	0	0	0	0	0.00458	0	0	0	0	0	0	0	0	0	0.01095	0	0.00567	0	0.00108	0	0.01012	0	0.27164	0.37809	0.07343	0	0	0	0.09789	0	0	1.22541	0.02629	0	0.10393	0	0.21804	0	0	0	0	0	0	0	0	0	0	0.30659	0.07355	0	0	0	0	0	0	0	0	0.05523	0.02383	0	0	0	0	0	0	0	0	0	0	0	0	0	0
Bacteroides_massiliensis	0	0	0	0	0	0	0	0	0	0	0	0	0	0	0	0	0	0	0	0	0	0	0	0.01408	2.39494	0	0.81431	0	0	0	0	0	0	0	0	0	0	0.81411	0.69742	0.20458	0	0.2228	0.22147	1.96581	0.34849	2.34751	0	0.11759	0	0.08373	0.40784	0	0	0.23943	0	0	0	0	0	0	0	0	0	0	0	0	0	0	0	0	0	0	0	0	0	0	0	0	0	0	0	0	0	0	0.02137	0	0.02377	0	0	0	0.01195	0	0	0	0	0	0.58331	0.06837	0.57592	0	0.38583	0	0.57653	0	0.14068	0	0.74839	0	0.3836	0	1.92006	0	3.48424	0	0	0.14842	0	0.2636	0	0	0.67166	0	0.95719	0	0	0	0.77804	0.23406	0.51809	1.47821	0.93627	0.36054	0.6613	0.74926	1.66421	0.15901	0.136	0.25911	0	0.52688	0	0	0.21993	0	0.07537	0	0.69467	0.21372	0.45476	0.17958	0.30176	0.09168	0.48676	0.81733	0.1875	0.675	1.16034	0.5978	0.65831	1.25498	0.34937	3.28969
Bacteroides_nordii	0	0	0	0	0	0	0	0	0	0	0	0	0	0	0	0	0	0	0	0	0	0	0	0	0	0	0	0	0	0	0	0	0	0	0	0	0	0	0	0	0	0	0	0	0	0	0	0	0	0	0	0	0	0	0	0	0	0	0	0	0	0	0	0	0	0	0	0	0	0	0	0	0	0	0	0	0	0	0	0	0	0	0	0	0	0	0	0	0	0	0	0	0	0	0.11752	0	0	0	0	0	0	0	0	0	0	0	0	0	0	0	0	0	0	0	0	0	0	0	0	0	0	0	0	0	0	0	0	0	0	0	0	0	0	0	0	0	0	0	0	0	0	0	0	0	0	0	0	0	0	0	0	0	0	0	0	0	0	0	0	0	0	0
Bacteroides_sartorii	0	0	0	0	0	0.31512	0.21487	0.14845	0.29383	0	0	0	0	0	0	0	0	0.18943	1.80781	5.73985	0.50451	0	6.34596	0	1.11582	2.79778	1.58103	3.17004	0.06843	1.64503	0.76059	1.5415	0.57798	0.3029	0.08659	0.04831	1.12637	0	0.01092	0	1.09269	0	0	0.1338	0.17029	0.03943	2.56514	0	0.13195	0	0.00964	0.22565	0.2913	0.01475	1.81361	2.14289	0.0111	2.94051	0.15171	0.91701	0.21073	3.76268	0.17074	0.40878	2.72752	5.1862	0.07397	4.15087	0.56839	1.47446	1.42225	0.25915	3.08658	0.59322	4.35214	1.56293	2.55806	1.41995	0.78897	1.2584	0.00117	0.08345	1.56674	0.14264	0.00227	0.00882	0	0.034	1.21012	0.00984	0.00282	0.13281	0.60898	0.32794	1.40171	1.84052	0	0	0	0.04817	0.14199	0.11394	0	0.25896	0	0.26919	0.11859	0.43481	0.10738	0.09234	0.20416	0.65209	0.11687	0.91681	1.2216	0.04006	0.19219	0.06349	0.07463	1.57285	0.03644	1.14207	0.01087	0.19297	0.07396	0.75424	0.13357	0	0	0	0	0	0	0	0	0	0	0	0.38036	0	0.02646	0.39294	0	0.10005	0	0.09938	0	0	0	0	0.00398	0	0	0	0	0	0	0	0	0	0.00823	0
Bacteroides_stercorirosoris	0	0	0	0.05448	0	1.13842	0.80045	0.80691	0.42559	0	0	0	0	0.45072	0	0	0	0.3234	0.4341	0.63431	0.30395	0	0.73445	0.02235	1.13509	0	0.84091	0.75506	0.21577	0.14063	0	0.11053	0.17771	0.0703	0.7982	0.18975	0.68078	0.12027	0.22189	0	0	0	0	0.05416	0.23229	0.18869	0	0	0.09016	0	0.03712	0.0818	0.08667	0.00918	0.48716	0.29561	0.12167	0.57003	0.17681	0.12028	0.01058	0.23002	0.03416	0.34601	0.23432	0.88793	0.02168	1.27549	0.11669	0.25451	0.19463	0.02103	0.21505	0.12693	0.23128	0.13705	0.26228	0.46053	0.60548	0.06602	0.08233	0.28268	0.09883	0.02771	0.03595	0.05013	0.02618	0.11415	0.57022	0.15221	0.00403	0.01369	0.02661	0.02987	0.12061	0.24172	0.0035	0.04743	0.0016	0	0	0.19494	0.14442	0.20409	0	0.18069	0.1075	0.05215	0	0.14592	1.25865	1.48746	2.33483	0.0699	1.13247	0.05584	0.31393	0.2134	0.08771	0.10674	0.39045	0.37809	0.77741	0.21457	0.11815	0.61792	0.35653	0.12611	0.03694	0.46773	0.18879	0.44744	0.55815	0.46835	0.41213	0.01661	0.18716	0.05246	0.2262	0.75027	0.02968	0.17913	0.49916	0.18869	0.16243	0.07697	0	0	0	0.01026	0.01521	0.08758	0.6727	0.01777	0.00785	0.00747	0	0	0.06224	0	0.11372	0.00647
Bacteroides_thetaiotaomicron	0.32899	0	0.26158	0.05173	0.1343	0.00862	0.00079	0	0	0	0	2.05918	1.13533	0	0	2.97945	1.8089	0	0	0	0	1.79257	0	4.36342	1.87231	0	1.08209	1.85794	0	0	0	0	0	0	0.6106	0	1.26954	0	0	0.57536	9.95053	2.1967	3.00117	0	0	0	1.81761	0.27335	1.19724	1.19562	0	1.94942	1.78578	0	0	1.99073	0.07722	0	0.35065	0.09573	0.07954	0	0	0.36235	0.62804	0.68172	0	0	0.17081	1.2086	1.93584	0	0	0	0	0	1.53403	0.78117	0	0.64833	0	0	0	0	1.44685	0	0.00571	0	0.22204	0	0.0368	0	8.56779	0	0	5.12833	0.03224	3.4554	0	0	0	0.19841	0.23635	1.69751	0	1.6296	0	0.15666	0	0.18463	0	2.24103	15.9841	0.27063	1.36336	0	0.1852	0.38327	0.11622	0.12304	5.20985	0	6.81839	0	1.14474	0	0	0	11.75372	10.34775	0	1.15722	0.36187	1.07458	0.6887	0	0.7872	0.16447	0.09679	1.38085	0.02004	0	2.86355	0	0.53541	0	0.05408	0.20136	0	0.17457	0.26477	0.02916	0.06544	0.07148	0.02574	0.08857	0	0	0.03522	0.04643	0	0
Bacteroides_uniformis	1.92753	1.19324	1.60703	0.8399	0.79509	1.67063	0.92157	0.8347	1.22538	1.80476	1.92331	2.93542	2.98564	3.41749	1.57043	19.49937	9.34311	0.70834	4.12383	9.79861	6.03914	10.86542	5.0124	0.06005	0.91163	0.09276	0.76906	4.06611	2.084	1.76485	0.40932	0.50159	0.41017	0.1235	0.04849	1.66407	0.01954	0.51733	0.66413	1.63682	0	2.54579	0.56515	1.13952	0.58223	0.36381	0	0.39618	0.06932	1.41957	0.00831	1.09196	1.16531	0.07483	0.07623	0.29516	0.55204	1.17336	0.02649	0.74117	0.13129	0.10156	0.05548	2.60072	0.43175	0.26094	0.0373	0.68699	0.73558	5.70211	3.87722	0.78211	0.54915	0.76856	2.18774	0.30956	1.8264	3.01394	0.65141	0.68088	0.0073	0.28033	0.14127	0.15016	0	0.84363	0.01159	0.56591	0.31359	0.00965	0.01405	0.34023	0.11622	0.71423	0.63401	0.06413	0	0.00055	0	0.1359	0	0.15355	0	0.36599	0	0.44165	0.09317	0.34478	0	0.96485	0.16106	1.1793	1.72514	0.11078	4.45704	0.25198	0.07889	0.01787	0.00036	0.211	0.47294	0.07622	0.00054	0.78506	2.03804	0.62959	0.31757	0.08869	0	0	5.29482	2.44215	1.00215	0	0.23378	0	2.54408	0.2267	0.13466	0.37293	0	0.01599	0.00454	0.01884	0.01621	0.17695	0	0	0	0.10452	0.17856	0.03747	0.11941	0.03127	0	0	0.47947	0	0.04836	0	0	0
Bacteroides_vulgatus	0	9.77299	0	0	0	1.27937	0.80356	0.61543	1.51654	0	0	0	0	0	0	0	0	0.76306	11.1959	18.06852	8.09257	0	21.53362	2.55328	15.09706	10.06869	7.54947	10.31525	3.90974	9.75042	0.92172	0.77353	0.79499	0.66838	0.76677	1.00108	3.81432	3.1511	2.25415	1.15823	7.44483	6.12701	0.75489	5.61987	3.35462	11.52384	5.41169	0.51184	2.2033	1.00824	1.23246	2.20659	2.3992	0.94998	1.82039	4.35108	0.43908	11.37212	2.05312	6.41056	0.82304	2.72288	0.53411	6.83355	4.00215	14.42514	0.89698	9.47096	4.05175	14.44707	5.31029	3.71002	7.92651	5.75774	7.81127	8.8701	3.04277	16.16892	5.51196	9.36962	8.74371	7.06428	2.15565	1.77175	0.0615	1.24848	0.45055	0.35478	6.77968	2.44063	0.01246	1.91831	1.65492	0.44875	1.57311	5.23355	0.51882	0.8407	1.66048	0.27935	4.91144	0.94083	2.99817	1.92577	0.35134	1.96949	0.79805	2.12166	5.31758	3.78567	11.59489	5.89781	9.30757	2.96092	1.28762	1.19155	3.34741	1.94159	1.33582	1.80347	3.81813	2.04977	3.89569	3.47663	1.04647	0.38628	1.0643	0.14099	5.54527	3.1172	5.43641	1.11942	1.30033	3.47743	5.73429	0.52811	0.6104	0.59848	4.3471	2.09923	0.37146	1.46329	1.85518	0.37721	1.53701	0.37884	6.91902	0.92376	2.61557	0.19873	0.68185	0.45038	2.11742	2.03053	0.86824	2.26153	1.53168	4.24033	1.18793	6.79681	3.03087	22.03561
Muribaculaceae_bacterium_DSM_103720	3.46455	1.4058	2.28513	1.07852	0.13627	4.80374	3.92951	3.85718	8.51615	0.42032	2.5996	2.09925	4.60377	7.3455	6.79457	12.92039	10.35842	4.74346	9.31602	11.21389	13.14642	20.81917	0.32343	0	0	0	0	0	0	0	0	0	0	0	0	0	0	0	0	0	0	0	0	0	0	0	0	0	0	0	0	0	0	0	0	0	0	0	0	0	0	0	0	0	0	0	0	0	0	0	0	0	0	0	0	0	0	0	0	0	0	0	0	0	0	0	0	0	0	0	0	0	0	0	0	0	0	0	0	0	0	0	0	0	0	0	0	0	0	0	0	0	0	0	0	0	0	0	0	0	0	0	0	0	0	0	0	0.00211	0	0	0	0	0	0	0	0	0	0	0	0	0	0	0	0	0	0	0	0	0	0	0	0	0	0	0	0	0	0	0	0	0	0
Muribaculum_intestinale	2.10477	1.5533	1.52166	0.00054	1.11076	7.97669	4.81837	4.80387	5.22277	1.34362	1.70814	1.61983	2.05731	10.40796	0.39031	2.34256	5.83272	1.03864	0.41594	9.9253	9.24921	4.54936	4.00577	6.35684	0	1.7119	0.02858	7.56011	16.673	13.97381	3.86887	6.22221	0.02148	8.71193	9.03975	0.03861	13.87449	4.37823	4.94955	8.5535	0.02063	16.927	20.36964	17.66952	8.92695	1.84502	0.00201	14.35731	9.411	23.29053	25.78014	13.51136	14.10408	19.90885	4.60289	0.00328	21.98441	0.65917	11.36427	0	0	12.37721	3.10073	3.87375	3.59753	7.51538	7.69021	10.62016	1.12676	4.49652	6.7931	7.21891	6.41415	19.969	12.39342	19.03094	6.86677	3.56693	2.64097	8.6617	0.20133	5.59355	5.1999	10.65919	5.91333	4.90367	0.2572	5.39359	2.18282	6.38486	1.45632	1.54559	0.3567	4.75937	15.47271	17.01511	4.81292	9.78461	12.19812	2.75454	0	7.77486	4.72069	3.21232	8.62479	4.35129	27.25864	0.46773	0	0.9843	4.31773	4.76651	0.16067	24.78623	7.44578	9.5918	7.57123	8.82756	12.59257	16.65781	6.98886	9.12261	7.62339	2.54338	9.16603	7.20112	8.91889	14.17655	13.6389	27.33238	14.51417	21.95636	23.82346	8.78429	19.8572	14.42905	12.141	10.95231	9.21116	13.31506	6.90931	11.32273	8.51965	15.99335	14.62499	13.98122	12.82233	16.00111	0	1.55012	5.72117	1.04709	5.73518	1.94409	1.43863	0.75388	1.88533	0	1.77957	0.02549	0.00196	0
Butyricimonas_synergistica	0	0	0	0	0	0	0	0	0	0	0	0	0	0	0	0	0	0	0.00867	0.00236	0	0	0	0	0	0	0	0	0	0.00102	0	0.00093	0	0	0	0	0	0	0	0	0.00069	0	0	0	0	0	0	0	0	0	0	0	0	0	0	0	0	0	0	0	0	0.00016	0	0	0	0	0	0	0.00014	0	0	0	0	0	0	0	0	0	0	0	0	0	0	0	0	0	0	0	0	0	0	0	0	0	0	0	0	0	0	0	0	0	0	0	0	0	0	0	0	0	0.00047	0.00118	0	0	0.00262	0	0	0	0	0	0	0	0	0	0	0	0	0	0	0	0	0	0	0	0	0	0	0	0	0	0	0	0	0	0	0	0	0	0	0	0	0	0.00104	0.00288	0	0	0	0	0.00087	0	0	0
Butyricimonas_virosa	0	0	0	5.88454	0	3.69869	2.31121	2.18903	5.81199	0	0	12.66034	0	0	0	0.00872	0	4.29435	9.9028	5.08555	1.50074	0	1.92576	0	0.90243	0.49175	0.92872	0.98763	0.6062	1.22884	0.4945	0.76511	0.26169	0.16157	0.27333	0.08272	0.11337	0.2942	0.25224	1.06416	0.95663	0.8641	0.4295	1.54641	0.55607	1.20338	0.38143	0.10432	0.09804	0.04243	0.04032	0.49481	0.51328	0.0163	0.40393	0.65409	0.33669	1.45998	1.76302	0.58794	0.112	0.45581	0.2418	0.34588	0.32325	1.45662	0.33157	0.42668	0.97223	0.83985	0.77624	0.79515	2.32894	1.44732	0.34909	1.05471	0.57536	3.91985	1.21786	1.93938	0.75671	0.64546	0.69899	0.05826	0.14946	0.32125	0.05541	0.45601	2.00954	0.454	0.06594	0.49879	0.09506	0.42786	0.4934	0.65258	0.64725	0.17148	0.24698	0.15932	0.1626	0.78283	1.79507	0.69646	0.0692	0.7311	0.03287	0.15075	0.07967	0.92403	3.53627	1.28668	0.06458	0.05938	1.53837	0.22196	0.38341	1.32105	0.32106	0.31233	0.62068	0.1514	0	0.51614	0.16623	0.52561	0.24509	0.76332	0.00093	0.79278	0.10167	0.33644	0.1408	2.07522	0.32802	0.66219	0.4135	0.22243	0.5672	0.6208	0.03016	0.42436	0.68256	0.19045	0.25113	0.01824	0.28179	0.28688	0.04341	0.45254	0.47445	0.15085	1.09272	2.1625	0.44462	0.20796	0	0.70267	2.25227	1.98776	0.51405	0.16102
Prevotella_sp_MGM1	0	0	0	0	0	0	0	0	0	0	0	0	0	0	0	0	0	0	0	0	0	0	0	0	0	0.65407	0	0	0	0	0.46857	1.13624	0	2.49006	0	0	0	0.65333	0.98702	0.66148	0.56178	1.54558	0.50862	0.58974	0	6.978	0.08219	0.99233	0.29496	0.79914	0.57206	0.4099	0.44847	1.24268	0.33237	0	1.1566	0	0.35332	0.25857	0.03166	0	0.10735	0.38571	0.75225	0.03634	0.99762	0	0	0.02506	0	0	0	0.99939	0	0	0	0	0	0	0	0	4.94597	0	0	0	0	0	0	0	0	0	0	0	0	0	0	0	0	0	0	0	0	0	0	0	0.31897	0	0	0	9.12765	2.12022	1.09185	0.13121	6.86808	0	0.29893	1.64341	0.24731	0.02754	0.00915	0.53356	0	0.1207	0.00249	0.61745	0	0.48137	0.1106	2.30842	0.02123	0.97602	2.15575	0.07009	1.01933	1.49291	0.43468	0.30345	0.06875	0.12409	0.03741	1.88961	0.06034	2.0722	0.04618	0.41268	0	0	0	0	0	0	0	0	0	0	0	0	0	0	0	0
Prevotella_sp_MGM2	0	0	0	0	0	3.17168	2.01226	1.97586	9.94446	0	0	0	0	0	0	0	0	7.41199	13.49126	10.26628	3.21373	0	14.10939	0	0	0	0	0	0	0	0	0	0	0	0	0	0	0	0	0	0.00477	0.01151	0	0	0	0.00872	0	0	0.01733	0	0	0	0.00994	0.00937	0	0	0	0	0	0	0	0	0	0	0	0	0	0	0	0	0	0	0	0	0	0	0	0	0	0	0	0	0	0	0	0	0	0	0	0	0	0	0	0	0	0	7.61476	0.00076	0.01803	0	0	0	0	0	0	0	0	0	0	0.00314	35.21156	0	0.0372	0	0	21.64222	4.5247	8.61141	0.86837	8.10703	34.35266	17.5205	7.62459	32.31445	0	15.89004	11.67744	65.73905	0.03804	0.02098	26.10019	0	0	36.13644	0	48.73299	9.47008	12.57042	4.52977	28.39618	7.19726	12.25331	47.41531	10.95373	54.4778	15.66274	0	0	0	0	0	0	0	0	0	0	0	0	0	0.09021	0.00399	0
Alistipes_indistinctus	0	0	0	0	0	0.18764	0.08543	0.08409	0.08104	0	0	0	0	0	0	0	0	0.15	0.21118	0.12814	0.20037	0	0.01571	0	0.15716	0.05484	0.25085	0.14284	0.0246	0.03006	0.63844	0.03267	0.0251	0.05226	0.10957	0.01327	0.08186	0.04434	0.15619	0.58459	0.14057	0.11993	0.16784	0.01664	0.00837	0.18291	0.17563	0.05813	0.06826	0.07283	0.07537	0.0754	0.06852	0.03828	0.0771	0.0754	0.01106	0.01898	0	0.04518	0.00486	0.15004	0.04953	0.08217	0.01717	0.11803	0	0.13432	0.01538	0	0.16355	0.02462	0.1817	0.07675	0.12909	0.05297	0.07064	0.1279	0.05387	0.09424	0.18379	0.15082	0.12254	0.02617	0.04575	0.03896	0.01274	0.09149	0.03707	0.03766	0.00321	0.05091	0.01502	0.0067	0.0101	0.00435	0.07069	0.05453	0.03077	0.0391	0.01127	0.0846	0.11196	0	0.0073	0	0.06989	0	0.00218	0	0.59023	0.36424	0.29929	0.01432	0.1767	0.04748	0.17407	0.17952	0.48263	0.12417	0.14775	0.25398	0.12073	0.22825	0.05986	0.21492	0.17973	0.44973	0.18338	0.49712	0.05438	0.29097	0.33334	0.23343	0.24717	0.29586	0.15378	0.26545	0.13465	0.24083	0.02907	0.15926	0.26563	0.19812	0.14974	0.05067	0.06463	0.22012	0.03244	0.03041	0.01282	0.00835	0.08063	0.1997	0.0942	0.11971	0.0235	0.12969	0.32301	0.08854	0.23909	0.00535
Alistipes_shahii	0	0	0	0.02635	0	0.03982	0.02762	0.02293	0.02103	0	0	0.00759	0	0	0	0	0	0.01025	0.02062	0.00305	0.00311	0	0.00051	0.00734	0.00848	0.3785	0.05689	0.55057	0.66011	0.3932	0.72653	0.33241	0.72661	0.24526	0.17378	0.10846	0.37652	0.03652	0.00596	0.2318	0.25002	0.38821	0.06222	0.44064	0.2686	1.20724	0.57489	0.01023	0.01692	0.01147	0.05046	0.14165	0.13862	0.0635	0.01631	0.02076	0.00095	0.10181	0.00732	0.0359	0.00653	0.10309	0.01758	0.0058	0.00944	0.01727	0.00918	0.06297	0.00901	0.00144	0.03283	0.00847	0.01938	0.01417	0.19531	0.01005	0.015	0.01888	0.00483	0.01063	0.0134	0.00717	0.00323	0.01441	0.23936	0.01762	0.11064	0.00474	0.40139	0.00783	0.02789	0.00221	0.39067	0.00307	0.00117	1.36038	0.00837	0.19238	0.08865	0.01675	0.01193	0.01976	0.2163	0.01786	0.01617	0.00512	0.16629	0.0048	0.00356	0.01168	0.38961	1.12816	0.38835	0.05797	0.38586	0.04139	0.00496	0.2996	0.00968	0.0051	0.07695	0.00861	0.00628	0.01409	0.02155	0.00099	0.05234	0.01959	0	0.01157	0.07134	0.18787	0.06787	0.00609	0.0533	0.01597	0.01382	0.00817	0.00438	0.00665	0	0.00413	0.00987	0.00277	0.00107	0.00148	0.03288	0.51839	0.00591	0.04258	0.01928	0.02349	0.04863	0.15308	0.03084	0.03959	0.06508	0.00756	0.18765	0.00951	0.01649	0.00305
Alistipes_timonensis	0	0	0	0.64654	0	2.99654	1.53551	1.54359	1.0082	0	0	0.12142	0	0	0	0	0	0.52574	0.48303	0.05721	0.09062	0	0.0108	0	0.80821	0	1.13717	0.17128	0.12529	0.30436	0	0	0.08616	0	0.30615	0	0.04536	0.72716	0.45065	0.13193	0.45329	0.13274	0.3135	0.11335	0.01924	0.35127	0.07313	0.42493	0.38483	0.12521	0.17235	0.39409	0.38084	0.05963	0.25298	0.2924	0.09113	0.04813	0.26039	0.78258	0.17049	0.0943	0.40333	0.25518	0.17538	0.34038	0.19461	0.4543	0.03787	0.0233	0.52448	0.11016	0.53566	0.31395	0.59395	0.60833	0.18051	0.50106	0.19235	0.61378	0.24728	0.31198	0.20788	0.09762	0.0021	0.30099	0	0.41104	0.00428	0.12242	0.00012	0.16777	0	0.16039	0.0097	0	0.23933	0	0.08727	0.04168	0.09471	0.10755	0.08561	0.11961	0.06566	0.1722	0.06443	0.17969	0.01542	0.24922	0.37324	0.62285	0.48446	0.24287	0.19446	0.14917	0.13933	0.26546	0.06589	0.16371	0.05674	0.18858	0.11703	0.13067	0.02634	0.02058	0.52494	0.21339	0	0.05479	0.0573	0.29158	0.18666	0.14869	0.09639	0.0951	0.05299	0.04914	0.09201	0.1996	0.00486	0.12127	0.16136	0.25437	0.03281	0.02992	0.2156	0.17386	0.05492	0.15681	0.05868	0.10691	0.26906	0.16964	0.09238	0.36102	0.059	0.4426	0.12268	0.42599	0.2901	0.05879
Parabacteroides_distasonis	0	0	0	0	0	1.80926	1.02267	1.03584	0.79541	0	0	0	0	0	0	0	0	4.12796	0.62153	3.60087	3.34074	0	4.49006	0.13708	0.77018	1.75354	1.23329	3.15843	1.2282	1.52094	3.61985	1.3124	0.33375	0.28328	1.37155	0.09373	2.06661	0.3187	0.90887	0.20238	1.05167	0.86996	0.3675	3.91773	0.35802	8.85424	0.05152	0.29044	0.33716	1.29442	2.94181	0.65449	0.65203	1.66505	0.17208	0	0.08331	1.27136	0.28863	0.33641	0.05003	0.52664	0.33939	3.26816	3.32217	3.71488	0.35634	3.22452	0.36569	0.42742	0.50451	0.43712	0.38647	0.44996	1.46703	0.68058	0.59095	0.31991	0.60289	2.59156	0.07068	1.28955	1.3716	0.45701	1.09877	0.26816	0.03071	0.35038	1.07148	0.39443	0.07843	1.20199	0.14888	0.10135	0.09031	0.39346	0.33256	4.29108	0.47866	0.11608	0.26652	0.53268	3.02618	0.30372	0.1127	0.31098	2.66438	1.22907	0.31181	1.00486	0.55849	0.42482	1.04212	0.13212	0.52627	0.77661	1.38928	0.33297	0.10169	0.51078	2.69408	0.8668	1.43765	1.3294	0.15247	0.42944	2.13547	0.05457	0.31783	0.84968	9.44609	5.37604	2.51054	8.13238	1.52584	0.6172	4.59559	1.33501	0.15624	3.47418	0.1223	0.25578	19.66884	0.67631	4.39376	0.94723	1.59942	1.47563	0.02342	0.01237	0.02811	0.11795	0.26818	0.24603	0.55751	3.69106	1.21405	0.05477	0.27016	0.32498	1.07936	0.66947
Parabacteroides_goldsteinii	2.47116	4.12335	1.74912	0.17694	0.63811	2.44167	1.38034	1.23906	0.80513	2.86247	1.31669	2.36858	0.64968	0.7233	1.78163	3.91079	1.54002	0.54634	17.61555	14.30176	7.04064	1.57494	23.66198	1.51422	0.19999	7.04215	0.59455	2.85337	0.45133	1.76886	6.301	1.98097	0.20106	0.6677	1.36805	0.27877	1.75377	0.66237	0.10859	0.14804	0.16839	0.32537	0.00756	0.67827	0.58385	1.11778	0.57525	0	0.0311	0.00982	0.41478	0.84377	0.99385	0.05298	0.49111	8.04554	0.35165	6.27818	0.70178	0.02486	0.00338	1.77603	0.69991	6.71648	1.892	1.58589	0.19375	1.38422	0.26328	0.06639	3.72084	1.21854	1.8996	1.02824	4.23731	0.23444	4.00371	4.84583	5.25476	2.25218	0.09939	2.0838	0.88466	0.49483	0.01281	0.93252	0.03164	0.66912	4.7875	0.86174	0.1609	0.62116	0.58239	0.30079	0.62008	1.47813	0.20539	0.15323	0.16156	0.21392	0.44532	0.40143	0.60048	0.21511	0.05177	0.06997	0.15715	0.24446	0.17057	0.60396	2.49579	0.85461	0.72922	3.98866	0.81357	0.4961	1.77689	0.30723	0.31545	0.49594	0.55781	2.59772	1.92556	0.73142	0.49034	1.05601	1.60389	0.13063	0.0143	0.17334	0.74369	0.3224	0.26448	2.59829	1.32773	1.21425	0.23638	0.16688	1.84653	1.51732	0.09618	0.95368	2.0434	0.91301	0.56763	0.18736	0.54215	0.14627	0.30224	0.08653	0.3159	0.02112	0.3483	0.37432	0.0682	0.05739	4.13652	0.66874	0.10749	0.36159	2.07767	0.4745
Parabacteroides_johnsonii	0	0	0	0	0	0.11205	0.06193	0.0442	0.01259	0	0	0	0	0	0	0	0	0.01318	0	0.02124	0.00966	0	0.42293	0	0.20721	0.36918	0.02535	0.53544	0.00097	0.06041	0.35508	0.15911	0.00475	0.03249	0.27598	0.00057	0.45042	0.02672	0.02284	0.078	0.01788	0.01706	0.03682	0.05878	0.00306	0.05791	0.07323	0.01213	0.02026	0.00249	0.02214	0.01975	0.02369	0.01762	0.07203	0.10859	0	0.01875	0.0131	0.17798	0.01232	0.24926	0.0182	0.0049	0.01522	0.05254	0	0.02699	0.00622	0.03241	0.26367	0.03728	0.14398	0.01958	0.51813	0.32016	0.11915	0.12577	0.05396	0.20621	0.2556	0.07604	0.14171	0.01329	0	0	0	0	0.00799	0	0	0	0	0	0	0	0.02963	0.00048	0	0.00043	0.00289	0.00377	0.00179	0.00332	0	0.00794	0.01934	0.0289	0	0.0422	0.01948	0.08051	0.06699	0	0.01802	0	0.05458	0.03274	0.06795	0.01843	0.00579	0.03754	0.002	0.03945	0.00178	0.0565	0	0.0014	0.00524	0.03696	0.00304	0.11185	0.05828	0.07544	0.07567	0.00596	0.00405	0.00299	0.00133	0.01165	0	0	0.02804	0	0.00771	0	0	0	0	0	0	0	0	0	0	0	0	0	0	0	0	0
Parabacteroides_merdae	0	0	0	7.21071	0	0	0	0	0	0	0	0	0	0	0	0.01406	0	3.30235	2.12046	0	0	0	0	0	0.00262	0	0.01502	0	5.27687	3.66562	0	0	0.87179	0	0	2.245	0	0	0	0.00501	3.53526	2.88757	0.03239	1.49141	0.0433	4.10209	0.91393	0	0.13489	0.01543	0.53695	1.33138	1.38636	0.36139	0	0	2.27107	0	1.05779	0	0	0	0	1.13713	5.50704	9.52885	0.05018	0	0.62449	5.07144	0	0	0	0	0	0	0	0	0	0	0	0	0	0	0	0.94456	0	0.44859	0.67665	0.37469	0.01135	0.70826	0	0.79242	1.77932	1.3409	0.00212	0	0.51167	0	1.12357	0	0.05985	0	0.15421	0	0.44522	0	0.93428	0	0.22477	0.12042	0	5.73626	1.27495	1.1775	0	0	0	0	0	0	0	0	1.279	0	0.97149	0.00303	0	0	0.00109	0.00834	0	0.00173	0	0	2.62029	1.06126	2.93383	0.00374	0.42902	0	0.00117	0	0.0012	0	0.32695	0.22552	0.17734	0	0	0.09096	0.21411	0	0.20375	1.05721	0.04485	0.46691	0	0.41064	0.56612	2.61354
Sphingobacterium_paucimobilis	0	0	0	0	0	0	0	0	0	0	0	0	0	0	0	0.0636	0	0	0	0	0	0	0	0	0	0	0	0	0	0	0	0	0	0	0	0	0	0	0	0	0	0	0	0	0	0	0	0	0	0	0	0	0	0	0	0	0	0	0	0	0	0	0	0	0	0	0	0	0	0	0	0	0	0	0	0	0	0	0	0	0	0	0	0	0	0	0	0	0	0	0	0	0	0	0	0	0	0	0	0	0	0	0	0	0	0	0	0	0	0	0	0	0	0	0	0	0	0	0	0	0	0	0	0	0	0	0	0	0	0	0	0	0	0	0	0	0	0	0	0	0	0	0	0	0	0	0	0	0	0	0	0	0	0	0	0	0	0	0	0	0	0
Mucispirillum_schaedleri	2.0508	0.24085	2.7846	4.51257	6.91708	0.19844	0.39594	0.36989	0.46721	3.66091	0	0	0.03292	16.55279	0.06497	13.14932	0.47258	1.10926	0.05304	0.05492	1.78948	4.56645	0.21196	3.10774	1.41981	2.97782	6.19935	6.79795	0.80393	2.36144	0.37064	0.54808	1.83985	5.86164	0.09213	0.05164	1.14498	1.66241	2.35806	8.33331	11.59752	1.74996	18.60726	3.67615	2.60898	9.12421	6.51503	0.01655	0.01393	0.005	0.65212	0.00405	0.00953	0.39166	3.36512	1.63584	0.49266	36.3379	7.13677	14.13772	28.83722	5.86036	2.43305	0.18865	0.10201	0.06493	1.13068	0.38015	4.20165	1.05714	0.09058	1.79142	0.6708	0.11061	0.90431	1.15527	0.39595	2.51634	2.43173	20.98264	0.6804	1.93802	0.0749	1.75201	0.07896	0.5077	0.62395	0.17025	4.30264	1.05079	0.086	1.6278	0.09828	0.75097	0.57519	0.18221	2.0064	0.01474	1.52837	0.05325	0.03379	0.08723	0.90022	2.86304	1.78636	4.81502	0.05822	0.09659	0.38423	2.54949	1.55922	1.42978	13.67078	0.06838	0.1181	0.17021	0.01646	18.60182	1.00343	0.25212	0.31673	0.5674	0.12005	0.19345	0.08262	3.90538	0.02605	0.0893	1.4626	6.34128	0.01377	5.79108	0.57202	2.18035	10.89565	4.74939	0.5183	2.37797	0.08328	1.34213	0.09323	4.48418	0.06225	0.05992	0.02728	0.00315	0.77143	0.12055	0.00054	8.58774	0.19161	0.12564	4.76098	4.40665	0.08438	0.36564	6.4795	4.95702	3.74169	2.02583	0.02079	0.81589
Jeotgalicoccus_halotolerans	0	0	0.00146	0	0.00931	0.02397	0.01614	0.01337	0.01818	0.00119	0	0.00752	0	0	0	0.03003	0.00889	0	0.01718	0	0.00321	0	0.00056	0	0	0	0	0	0	0	0	0	0	0	0	0	0	0	0	0	0	0	0	0	0	0	0	0	0	0	0	0	0	0	0	0	0	0	0	0	0	0.00358	0	0.00266	0.00211	0	0	0	0	0.00918	0	0	0	0	0	0	0	0	0	0	0	0	0	0	0	0	0	0	0	0	0	0	0	0.00045	0.00163	0	0	0	0.00046	0	0.00089	0	0	0	0	0	0	0.00283	0	0	0	0	0	0	0	0.0008	0	0	0.00318	0	0	0.00065	0	0	0	0	0	0	0	0	0	0	0	0	0	0	0	0	0	0	0	0	0	0	0	0.00422	0	0	0	0	0	0	0	0	0	0	0	0	0	0	0	0
Staphylococcus_equorum	0	0	0	0	0	0	0	0	0	0	0	0	0	0	0	0	0	0	0	0	0	0	0	0	0	0	0	0	0	0	0	0	0	0	0	0	0	0	0	0	0	0	0	0	0	0	0	0	0	0	0	0	0	0	0	0	0	0.00196	0	0	0	0.02961	0	0	0	0	0	0	0	0	0	0	0	0	0	0	0	0	0	0	0	0	0	0	0	0	0	0	0	0	0	0	0	0	0	0	0	0	0	0	0	0	0	0	0	0	0	0	0	0	0	0	0	0	0	0	0	0	0	0	0	0	0	0	0	0	0	0	0	0	0	0	0	0	0	0	0	0	0	0	0	0	0	0	0	0	0	0	0	0	0	0	0	0	0	0	0	0	0	0	0	0
Staphylococcus_lentus	0.00041	0	0.00197	0	0.03071	0	0	0	0	0	0.0032	0.21996	0.00227	0.00627	0.01155	1.72902	0.50971	0	0.01734	0	0.03201	0.54602	0.03358	0	0	0	0	0	0	0	0	0	0	0	0	0	0	0	0	0	0	0	0	0	0	0	0	0	0	0	0	0	0	0	0	0	0.02444	0.01702	0.00542	0.00296	0	0.18597	0.02462	0	0	0	0	0.00303	0	0	0	0	0.00667	0.02413	0.01013	0.01199	0.08101	0	0	0.00033	0	0	0	0	0	0	0	0	0	0	0	0	0	0.002	0.00826	0	0	0.00104	0	0	0	0	0	0	0	0	0	0.00365	0	0	0	0	0	0	0	0	0	0	0.00711	0	0	0	0	0	0	0	0	0	0	0	0	0	0	0	0	0	0	0	0	0	0	0	0	0	0	0	0	0	0	0	0	0	0	0	0	0	0	0	0	0	0	0
Staphylococcus_nepalensis	0	0	0	0	0	0	0	0	0	0	0	0.00538	0	0	0	0	0	0	0	0	0	0	0	0	0	0	0	0	0	0	0	0	0	0	0	0	0	0	0	0	0	0	0	0	0	0	0	0	0	0	0	0	0	0	0	0	0	0	0	0	0	0.00669	0	0	0	0	0	0	0	0	0	0	0	0	0	0	0	0	0	0	0	0	0	0	0	0	0	0	0	0	0	0	0	0	0	0	0	0	0	0	0	0	0	0	0	0	0	0	0	0	0	0	0	0	0	0	0	0	0	0	0	0	0	0	0	0	0	0	0	0	0	0	0	0	0	0	0	0	0	0	0	0	0	0	0	0	0	0	0	0	0	0	0	0	0	0	0	0	0	0	0	0
Aerococcaceae_bacterium	0	0	0	0	0	0	0	0	0.00505	0	0	0	0	0	0	0.12161	0.06348	0	0	0	0	0.05807	0	0	0	0	0	0	0	0	0	0	0	0	0	0	0	0	0	0	0	0	0	0	0	0	0	0	0	0	0	0	0	0	0	0	0	0	0	0	0	0	0	0	0	0	0	0	0	0	0	0	0	0	0	0	0	0	0	0	0	0	0	0	0	0	0	0	0	0	0	0.00152	0	0.00029	0.00932	0	0	0.00163	0	0	0.00114	0	0	0	0	0	0	0	0	0	0	0	0	0	0	0.00395	0	0	0	0	0	0	0	0	0	0	0	0	0	0	0	0	0	0	0	0	0	0	0	0	0	0	0	0	0	0.01097	0	0	0	0	0	0	0	0	0	0	0	0	0	0	0	0
Aerococcus_urinaeequi	0	0	0	0	0	0	0	0	0	0	0	0	0	0	0	0	0	0	0	0	0	0	0	0	0	0	0	0	0	0	0	0	0	0	0	0	0	0	0	0	0	0	0	0	0	0	0	0	0	0	0	0	0	0	0	0	0	0	0	0	0	0	0	0.00471	0	0	0	0	0	0	0	0	0	0	0	0	0	0	0	0	0	0	0	0	0	0	0	0	0	0	0	0	0	0	0	0	0	0.0082	0	0	0	0	0	0	0	0	0	0	0	0	0	0	0	0	0	0.00068	0	0	0	0	0	0	0	0	0	0	0	0	0	0	0	0	0	0	0	0	0	0	0	0	0	0	0	0	0	0.00054	0	0	0	0	0	0	0	0	0	0	0	0	0	0	0	0
Enterococcus_avium	0	0	0	0	0	0	0	0	0	0	0	0	0	0	0	0	0	0	0	0	0	0	0	0	0	0	0	0	0	0	0	0	0	0	0	0	0	0	0	0	0	0	0	0	0	0	0	0	0	0	0	0	0	0	0	0	0	0	0	0	0	0	0	0	0	0	0	0	0	0	0	0	0	0	0	0	0	0	0	0	0	0	0	0	0	0	0	0	0	0	0	0	0	0	0	0	0	0	0	0	0	0	0	0	0	0	0	0	0.00873	0	0	0	0	0	0	0	0	0	0	0	0	0	0	0	0	0	0	0	0	0	0	0	0	0	0	0	0	0	0	0	0	0	0	0	0	0	0	0	0	0	0	0	0	0	0	0	0	0	0	0	0	0
Enterococcus_faecalis	0	0	0	0.00506	0	0	0	0	0	0	0.01722	0	0	0	0	0.00671	0	0	0	0	0	0	0	0	0	0	0	0	0	0	0	0	0	0	0	0	0	0	0	0	0	0	0	0	0	0	0	0	0	0	0	0	0	0	0	0	0	0	0	0	0	0	0	0	0	0	0	0	0	0	0	0	0	0	0	0	0	0	0	0	0	0	0	0	0	0	0	0	0	0	0	0	0	0	0	0	0	0	0	0	0	0	0	0	0	0	0	0	0	0	0	0	0	0	0	0	0	0	0	0	0	0	0	0	0	0	0	0	0	0	0	0	0	0	0	0	0	0	0	0	0	0	0	0	0	0	0	0	0	0	0	0	0	0	0	0	0	0	0	0	0	0
Enterococcus_gallinarum	0	0	0	0	0	0	0	0	0	0	0	0	0	0	0	0	0	0	0	0	0	0	0	0.02591	0	0	0	0	0	0	0	0	0	0	0	0.00912	0	0	0	0	0	0	0	0	0	0	0	0	0	0	0	0	0	0	0	0	0	0	0	0	0	0	0	0	0	0	0	0	0	0	0	0	0	0	0	0	0	0	0	0	0	0	0	0	0	0	0	0	0	0	0	0	0	0	0	0	0	0	0	0	0	0	0	0	0	0	0	0	0.0052	0	0	0	0	0	0	0	0	0	0	0	0	0	0	0	0	0	0	0	0	0	0	0	0	0	0	0	0	0	0	0	0	0	0	0	0	0	0	0	0	0	0	0	0	0	0	0	0	0	0	0	0	0
Enterococcus_hirae	0	0	0	0	0	0.00335	0	0	0	0	0	0	0	0	0	0	0	0	0.1424	0	0	0	0	0	0	0	0	0	0	0	0	0	0	0	0	0	0	0	0	0	0	0	0	0	0	0.00119	0	0	0	0	0	0	0	0	0	0	0	0	0	0	0	0	0	0	0	0	0	0.02861	0	0	0	0	0	0	0	0	0	0	0	0	0	0	0	0	0	0	0	0	0	0	0	0.00566	0	0	0	0	0	0	0	0	0	0	0.00301	0	0	0	0	0	0	0	0	0	0	0	0	0	0	0	0	0	0	0	0	0	0	0	0	0	0	0	0	0	0	0	0	0	0	0	0	0	0	0	0	0	0	0	0	0	0.00679	0	0	0	0	0	0	0.01163	0.06748	0	0	0	0	0
Lactobacillus_acidophilus	0	0	0	0	0	0	0	0	0	0	0	0	0	0	0	0	0	0	0	0	0	0	0	0	0	0	0	0	0	0	0	0	0	0	0.01781	0	0.08831	0	0	0	0	0	0	0	0	0	0	0	0	0	0	0	0	0	0	0	0	0	0	0	0	0	0	0	0	0	0	0	0	0	0	0	0	0	0	0	0	0	0	0	0	0	0	0	0	0	0	0	0	0	0	0	0	0	0	0	0	0	0	0	0	0	0	0	0	0	0	0	0	0	0	0	0	0	0	0	0	0	0	0	0	0	0	0	0	0	0	0	0	0	0	0	0	0	0	0	0	0	0	0.0317	0	0	0	0	0	0	0	0	0	0	0	0	0	0	0	0	0	0	0	0	0	0
Lactobacillus_intestinalis	0	0	0	0.00467	0	0	0	0	0	0	0	0	0	0.0964	0	0	0	0	0.41564	0	0	0	0	0	0	0	0	0	0	0	0	0	0	0	0	0	0	0	0	0	0	0	0	0	0	0	0	0	0	0	0	0	0	0	0	0	0	0	0	0	0	0	0	0	0	0	0	0	0	0	0	0	0	0	0	0	0	0	0	0	0	0	0	0	0	0	0	0	0	0	0	0	0	0	0	0	0	0	0	0	0	0	0	0	0	0	0	0	0	0	0	0	0	0	0	0	0	0	0	0	0	0	0	0	0	0	0	0	0	0	0	0	0	0	0	0	0	0	0	0	0	0	0	0	0	0	0	0	0	0	0	0	0	0	0	0	0	0	0	0	0	0
Lactobacillus_johnsonii	9.45233	1.08915	14.72548	6.83441	6.85374	0.02448	0.03772	0.04006	0	2.29646	0.5736	1.96871	5.01074	1.61259	0	3.34105	5.7389	0.82191	1.92631	0.09731	0.13445	15.87066	0.05064	1.05514	0.37146	1.74112	0.0732	0	0.09319	0.06989	0.62062	0.59739	0.38343	0.4114	0.06178	0.06747	0.46933	0.15331	0.07985	0.05699	0.82053	0.56767	0.1463	0.27082	0.512	0.29333	0.18428	0.10564	0.47074	0.19078	1.09435	0.09623	0.14962	0.12452	0.24399	0.09533	0.26039	1.02287	0.10547	0.3254	0.13095	0.41801	0.25594	0.91115	1.34662	0.42163	0.06927	3.34349	0.78888	0.31447	0.3554	0.07184	0.04241	0	0.43539	0.38475	0.48389	0.47637	0.24383	1.36286	0.04646	0.47828	0.19079	0.70956	0.00385	0.40058	0	0.33184	0	0.02426	0.01056	0.68428	0.02017	0.04359	0.20864	0	0.14238	0.10528	0.14852	0.01698	0.10604	0.1425	0.02441	0.47178	0.19979	0.16878	0.28395	0.14049	0.10605	0.24966	0	0.05627	1.00217	0.09311	0.21068	0.75341	0.20515	0.13766	0.04548	0.09291	0.19121	0.04857	0.20436	0.57735	0.02442	0.37348	0.26898	0.04438	0.32164	0.07744	0.38074	0.66663	0.67383	0.10814	0.08608	0.1325	0.0173	0.04557	0.21103	0.08248	0.24064	0.21587	0.19353	0.19559	0.49007	1.21022	0.01685	0.00832	0.02672	0	0	0.00231	0.00065	0.004	0	0.03549	0.08602	0.02447	0	0.03286	0	0.02213
Lactobacillus_murinus	0.3883	2.79741	0.42447	4.83149	0.26504	0.81122	0.73979	0.683	0.12204	2.96224	0.15996	1.38984	0.2138	0.17093	1.00196	5.52539	0.40062	0.79309	1.58126	0.52529	1.25352	0.89472	1.65208	1.15687	0.09553	0.29172	0.02103	0.52255	0.09034	0.0032	0.59735	1.32758	0.04273	0.05485	0.01983	0.02375	0.11018	0.03761	0.01552	0.12281	0.87959	0.19784	0.07733	7.51733	1.21586	1.76274	0.21578	0.02182	0.09808	0.3174	0.0899	0.08945	0.10414	0.14118	0.05329	0.14794	0.21158	0.08739	0.12753	0.08193	0.03059	0.24395	0.0385	0.77033	0.67696	0.0629	0.13287	0.86309	0.1807	0.2772	0.44451	0.11388	0.08787	0.14788	0.75185	0.27496	0.6691	0.07068	0.20085	0.67837	0.09761	0.35002	0.07689	0.39902	0.15627	0.19473	0.08563	0.17169	0.17299	0.04777	0.11478	0.59765	0.12528	0.05623	0.11801	0.60415	0.18083	0.33305	0.54372	0.0945	0.15098	0.12175	0.90404	0.2277	0.17064	0.06306	0.01014	0.12817	0.12847	0.11428	0.09535	0.3046	3.25073	0.01327	0.2268	0.1143	0.27082	0.13197	0.0779	0.0562	0.9254	0.04139	0.42527	0.14745	0.19782	0.99249	0.02791	0.1304	3.13325	0.18904	0.06839	0.26293	0.6898	0.04991	0.14757	0.41277	0.47718	0.38531	0.14698	0.44476	0.25594	0.03243	0.39412	0.1355	1.85127	0.6014	0.0958	0.40371	0.99381	0.3176	0.569	0.75118	0.15367	0.20032	0.0881	2.39965	0.84779	0.45673	0.11259	1.08397	0.91081	1.70546
Lactobacillus_reuteri	0	0	0	0.13782	0	0.22976	0.16388	0.12698	0.0291	0.87003	0.13465	0.1482	1.17315	0.5446	0.08202	0.84521	1.63813	0.73827	1.29522	0.01481	0.04123	3.14663	0.03525	0.31787	0.14627	0.32633	0.0586	0	0.04161	0.02893	0.09806	0.08072	0.04916	0.00282	0.02629	0.00866	0.15378	0.11741	0.02895	0	0.09152	0.21161	0.0681	0.39136	0.06584	0.2326	0.11719	0.02704	0.07907	0.14048	0.1804	0.09977	0.10009	0.05104	0.05312	0.00232	0.05061	0.06096	0.00075	0.06169	0.02421	0.04739	0.04212	0.22544	0.14907	0.04913	0	0.19504	0.04544	0.0825	0.12155	0.07184	0.01975	0	0.15671	0.25481	0.10574	0.02983	0.04601	0.20702	0.02025	0.19804	0.00601	0.17933	0	0.06528	0	0.11343	0	0	0.01335	0.0616	0	0.00791	0.06297	0.00694	0.13336	0.04434	0.10821	0.01232	0.03087	0.05506	0.00612	0.05659	0.07537	0.00618	0.10269	0.03292	0.05797	0.03748	0	0	0.80097	0.03599	0.05457	0.07477	0.1423	0.08921	0.04638	0.03861	0.00258	0.04253	0.01838	0.07484	0.00749	0.14989	0.06141	0.0787	0.2888	0.02903	0.11442	0.30844	0.16646	0.09901	0.03376	0.10426	0.02639	0.04079	0.09211	0.09967	0.05006	0.05318	0.10132	0.09553	0.13615	0.43796	0	0	0.01381	0	0	0.00333	0	0	0	0.02803	0.06182	0.0345	0	0.0662	0	0.08909
Streptococcus_acidominimus	0	0	0	0	0	0	0	0	0	0	0	0	0	0	0	0	0	0	0.01055	0	0.0188	0	0.04875	0	0	0	0	0	0	0	0	0	0	0	0	0	0	0	0	0	0	0	0	0	0	0	0	0	0	0	0	0	0	0	0	0	0	0	0	0	0	0	0	0	0	0	0	0	0	0	0	0	0	0	0	0	0	0	0	0	0	0	0	0	0	0	0	0	0	0	0	0	0	0	0	0	0	0	0	0	0	0	0	0	0	0	0	0	0	0	0	0	0	0	0	0	0	0	0	0	0	0	0	0	0	0	0	0	0.01172	0	0	0	0	0	0	0	0	0	0	0	0	0	0	0	0	0	0	0	0.00454	0	0	0	0	0	0	0	0	0	0	0	0	0
Clostridium_perfringens	0	0	0	0	0	0	0	0	0	0	0	0	0	0	0	0	0	0	0	0	0	0	0	0.04524	0	0	0	0	0	0	0	0	0	0	0	0.07595	0	0	0	0	0	0	0	0	0	0	0.0037	0	0	0	0	0	0	0	0	0	0.05136	0.16896	0.03585	0	0	1.07989	0.03949	0	0	0	0	0	0	0	0	0	0	0	0	0	0.06198	0	0	0	0	0	0	0	0.01685	0	0.00544	0	0.00925	0.24801	0.01846	0	0.10275	0.00393	0.10414	0.17707	0.04165	0.22876	0.05128	0.00766	0.09604	0.02091	0.0713	0	0	0	0	0.08177	0.1595	0.19631	0	0	0	0	0	0	0	0	0	0	0	0	0	0	0	0	0	0	0	0	0	0	0	0	0	0	0	0	0	0	0	0	0	0	0	0	0.47195	0.0172	0.18562	0.00656	0.0631	0.03205	0.18016	0	0.14832	1.93318	0.25206	0.08202	0.00938	0.26771	0.9567	1.7632
Clostridium_sp_7_2_43FAA	0	0	0	0	0	0	0	0	0	0	0	0	0	0	0	0	0	0	0	0	0	0	0	0.08576	0	0	0	0	0	0	0	0	0	0	0	0	0	0	0	0	0	0	0	0	0	0	0	0	0	0	0	0	0	0	0	0	0	0	0	0	0	0	0	0	0	0	0	0	0	0	0	0	0	0	0	0	0	0	0	0	0	0	0	0	0.00638	0	0	0	0	0.00241	0.00117	0	0.00792	0	0.03041	0	0	0	0	0	0	0	0	0	0	0	0	0	0	0	0	0	0	0	0	0	0	0	0	0	0	0	0	0	0	0	0	0	0	0	0	0	0	0	0	0	0	0	0	0	0	0	0	0	0	0	0.00647	0	0	0	0	0	0	0	0	0	0	0	0	0	0	0
Clostridium_sp_ASF356	0	0.00027	0	0	0	0	0	0	0	0	0	0	0	0	0	0	0	0	0	0	0	0.01056	0	0	0	0	0	0	0	0	0	0	0	0	0	0	0	0	0	0	0	0	0	0	0	0	0.0292	0	0	0	0	0	0	0	0	0	0	0	0	0	0.00174	0	0	0	0	0	0	0	0	0	0	0	0	0	0	0	0	0	0	0	0	0	0	0	0	0	0	0	0	0	0	0	0	0	0	0	0	0	0	0	0	0	0	0	0	0	0	0	0	0	0	0.0253	0	0	0	0	0	0	0	0	0	0	0	0	0	0	0	0	0	0	0	0	0	0	0	0	0	0	0	0	0	0	0	0	0	0	0	0	0	0	0	0	0	0	0	0	0	0	0	0	0	0
Clostridium_sp_ASF502	0.1356	0	0.30624	0.02802	0.20756	0.00263	0.01188	0.00598	0.17163	0.00045	0.00394	0.1936	0.10151	0.02534	0.17854	0.01817	0.00331	0	0.00613	0.00061	0.00432	0.02137	0.00034	0	0	0	0.00063	1.08276	0.00505	0	0.00964	0.00138	0.03289	0.0627	0.00722	0	0.00584	0	0.09338	0.08101	0.00145	0.00353	0.01855	0.00201	0.0094	0.00169	0.01315	0.00077	0.00181	0.01095	0.04294	0.00444	0.00748	0.00024	0.03794	0.00145	0.01141	0.03804	0.0597	0.01249	0.02616	0	0.03295	0.01746	0.00361	0	0	0.01359	0.06532	0	0.01411	0.03147	0	0	0.02388	0.00805	0.00302	0.00645	0.01216	0.01613	0	0.00345	0.00329	0.01639	0.03588	0.03618	0	0	0.07417	0.02329	0.00208	0.07263	0	0.00074	0.07447	0.00798	0.00502	0.00054	0.00185	0.05957	0.00119	0	0.07948	0.00812	0	0	0.00052	0.00154	0.00237	0.01027	0.25883	0.12979	0.27795	0.00399	0.00489	0.05097	0.03833	0.05338	0.19702	0.07668	0.03766	0.41962	0.04711	0.1745	0.04478	0.1193	0.0057	0.02754	0.07306	0.43629	0.01228	0.04344	0.08157	0.02177	0.41792	0.20485	0.05484	0.01837	0.05021	0.21242	0.28385	0.37162	0.0354	0.01579	0.11864	0.02085	0.01435	0.01878	0	0.09183	0.01467	0.05926	0.04415	0.03259	0.00013	0.05834	0.02969	0.03531	0	0.01795	0.01353	0.09248
Hungatella_hathewayi	0	0	0	0	0	0	0	0	0	0	0	0	0	0	0	0	0	0	0	0	0	0	0	0	0	0	0	0	0	0	0	0	0	0	0	0	0	0	0	0	0	0	0	0	0	0	0	0	0	0	0	0	0	0	0	0	0	0	0	0	0	0	0	0	0.00278	0	0	0	0	0	0	0	0	0	0	0	0	0	0	0	0	0	0	0	0	0	0	0	0	0	0	0	0.0913	0	0	0	0	0	0	0	0	0	0	0	0	0	0	0	0	0	0	0	0	0	0	0	0	0	0	0	0	0	0	0	0	0	0	0	0	0	0	0	0	0	0	0	0	0	0	0	0	0	0	0	0	0	0	0	0	0	0	0	0	0	0	0	0	0	0	0	0	0
Anaerofustis_stercorihominis	0	0	0	0	0	0	0	0	0	0	0	0	0	0	0	0	0	0	0	0	0	0	0	0	0	0	0	0	0	0	0	0	0	0	0	0	0.00286	0	0	0	0	0	0	0	0	0	0	0	0	0	0	0	0	0	0	0	0	0	0	0	0	0	0	0	0	0	0	0	0	0	0	0	0	0	0	0	0	0	0	0	0	0	0	0	0	0	0	0	0	0	0	0	0	0	0	0	0	0	0	0	0	0	0	0	0	0	0	0	0	0	0	0	0	0	0	0	0	0	0	0	0	0	0	0	0	0	0	0	0	0	0	0	0	0	0	0	0	0	0	0	0	0	0	0	0	0	0	0	0	0	0	0	0	0	0	0	0	0	0	0	0	0
Eubacterium_sp_14_2	0.00715	0	0.01557	0.02873	0.04259	0.01626	0.04145	0.04217	0.04828	0.00243	0.00706	0.69993	0.01597	0.01425	0.73981	0.00439	0.00159	0.00093	0.01442	0	0.00082	0	0	0	0	0.00445	0	0	0	0	0.01623	0	0	0.04852	0.00508	0	0	0.01417	0.00741	0	0.00541	0	0	0.02043	0.0183	0.02143	0.01391	0	0.04878	0	0	0	0	0	0.1505	0	0.00094	0	0.0052	0	0	0	1.00329	0	0	0	0	0	0.02309	0.00759	0	0.03186	0.00222	0.00845	0.02815	0.32902	0	0.01689	0.02078	0.00843	0.02515	0.01219	0	1.01597	0	0.00892	0	0.01508	0	0	0	0.00701	0	0	0	0	0	0	0	0.00201	0	0	0	0	0	0	0	0	0	0	0.00921	0	0	0	0	0	0.00459	0	0	0	0	0.00303	0	0	0	0	0	0	0	0	0	0	0.00793	0	0	0	0	0.00116	0.00692	0.03014	0.00061	0.0011	0	0.00283	0	0.0168	0	0	0	0.00214	0	0	0	0.00047	0	0	0	0	0.00211	0	0	0
Acetatifactor_muris	0.03333	0.00293	0.05683	0.04327	0.02702	0.02376	0.16225	0.16224	0.13357	0.00069	0.00454	0.13901	0.00922	0.00699	0.37708	0.00232	0.00609	0.03243	0.01323	0.04571	0.13571	0.00097	0.00854	0	0	0	0.07247	0.34253	0.00568	0.01265	0.01328	0	0.01927	0.05339	0.00335	0	0.00561	0.02252	0.46629	0.24753	0.04483	0.01829	0.21847	0.00152	0.21605	0.00243	0.00968	0	0	0	0.00207	0	0	0.00336	0.11793	0.01245	0.0056	0.01377	0.10323	0.01832	0.06265	0	0.04132	0	0	0	0	0.00331	0.03344	0.00597	0.00202	0.01238	0.0002	0	0.00039	0	0.00056	0.00763	0.05159	0.01858	0.01196	0.00284	0	0.02501	0	0.01611	0	0	0.06887	0	0	0.02671	0	0	0.00057	0	0.01225	0	0.00511	0.03275	0	0	0.03868	0.05229	0.03175	0.03151	0.00058	0	0	0.00046	0.04914	0.02973	0.00936	0	0	0.0002	0	0.07545	0.05915	0.0243	0	0.10448	0	0.01959	0	0.01054	0	0.00028	0.00711	0.13972	0.00157	0.04883	0.00201	0.00493	0.19881	0.00666	0.0403	0.09076	0	0.0141	0.02244	0.02741	0.00068	0	0.00241	0	0	0.0206	0.00056	0.00309	0	0.00133	0.02388	0.02532	0.00776	0.00215	0.03917	0.06777	0.02007	0.02373	0	0.01114
Blautia_coccoides	0	0	0	0	0	0	0	0	0	0	0	0	0	0	0	0	0	0	0	0	0	0	0	0	0	0	0	0	0	0	0	0	0	0	0	0	0	0	0	0	0	0	0	0	0	0	0	0	0	0	0	0	0	0	0	0	0	0	0	0	0	0	0	0	0	0	0	0	0	0	0	0	0	0	0	0	0	0	0	0	0	0	0	0	0	0	0	0	0	0	0	0	0	0	0	0	0	0	0	0	0.01201	0	0	0	0	0	0	0	0	0	0	0	0	0	0	0	0	0	0	0	0	0	0	0	0	0	0	0	0	0	0	0	0	0	0	0	0	0	0	0	0	0	0	0	0	0	0	0	0	0	0	0	0	0	0	0	0	0	0	0	0	0
Dorea_sp_5_2	0.71661	0.02608	1.09804	1.53916	1.01022	0.1443	0.39071	0.346	0.34747	0.01516	0.54141	11.55063	0.6321	0.55024	3.22497	0.88459	0.29995	0.02274	0.10523	1.04291	0.54221	2.72521	0.1025	0.23721	0.0354	0.03498	0.41974	2.75942	0.02586	0.14043	0.31644	0.16977	0.06419	1.27304	0.0524	0.04879	0.0913	0.2359	1.19544	0.3157	0.23079	0.16987	0.34653	0.29444	0.28452	0.1933	0.19355	0.05142	0.03118	0.03156	0.53663	0.11664	0.12182	0.25706	0.20293	0.24066	0.07013	0.66808	0.25764	0.20346	0.1186	0.073	0.29151	0.08401	0.04644	0.04669	0	0.2794	1.6504	0.01299	0.10494	0.3342	0.03062	0.02911	0.10712	0.14596	0.1215	0.04236	0.39182	0.20022	0.02571	0.44028	0.08781	0.11396	0.15988	0.50372	0.04213	0.01331	0.64694	0.64749	0.04978	0.59011	0.30468	0.0338	0.11158	0.14547	0.46264	0.05843	0.49366	0.70481	0.02176	0.10563	1.00723	0.5576	0.21512	0.20254	0.10712	0.1461	0.0334	0.08777	0.26932	0.34832	0.26839	0.0382	0.03726	0.12035	0.06634	0.86527	1.03329	0.94057	0.15863	1.39996	0.13856	0.57443	0.25417	0.45024	0.0286	0.10474	0.24959	1.45942	0.14757	0.6454	0.47134	0.04523	1.74372	1.64514	0.86174	1.32531	0.2411	0.98796	1.00572	1.11549	0.35578	0.12995	0.96983	0.3405	0.03342	0.02147	0.01254	0.35493	0.10118	0.39448	0.42576	0.13245	0.05547	0.36295	0.39882	0.14569	0.05865	0.09206	0.01171	0.1083
Clostridium_aldenense	0	0	0	0	0	0	0	0	0	0	0	0	0	0	0	0	0	0	0	0	0	0	0	0.00385	0	0	0	0	0	0	0	0	0	0	0	0	0	0	0	0	0	0.00222	0	0	0	0	0	0	0	0	0	0	0	0	0	0	0	0	0.00503	0	0	0	0	0	0	0	0	0	0	0	0	0	0.00099	0	0	0	0	0	0	0	0	0	0	0	0	0	0.00139	0	0	0	0	0	0.00063	0	0	0.00216	0	0	0	0	0	0	0	0	0	0	0	0	0	0	0	0	0	0	0	0	0	0	0	0	0	0	0	0	0	0	0	0	0	0	0	0.00154	0	0	0	0	0	0	0	0	0	0	0	0	0	0	0	0	0	0	0	0	0	0	0	0	0	0	0	0	0	0
Clostridium_bolteae	0.0003	0	0	0	0	0	0	0	0	0	0	0	0	0	0	0	0.0004	0	0	0	0	0	0	0	0	0	0	0	0	0	0	0	0	0	0	0	0	0	0	0	0	0	0	0	0	0	0	0	0	0	0	0	0	0	0	0	0	0	0	0	0	0	0	0	0	0	0	0	0	0	0	0	0	0	0	0	0	0	0	0	0	0	0	0	0	0	0	0	0	0	0	0	0.08393	0	0	0	0	0	0	0	0	0	0	0	0	0	0	0	0	0	0	0	0	0	0	0	0	0	0	0	0	0	0	0	0	0	0	0	0	0	0	0	0	0	0	0	0	0	0	0	0	0	0	0	0	0	0	0	0	0	0	0	0	0	0	0	0	0	0	0	0	0
Clostridium_symbiosum	0	0.00435	0	0	0	0	0	0	0	0.00042	0.01622	0	0.00168	0.02253	0.01737	0.00194	0.00586	0	0	0	0	0.02799	0	0	0	0	0	0	0	0	0	0	0	0	0	0	0	0	0	0	0	0	0	0	0	0	0	0	0	0	0	0	0	0	0	0	0	0	0	0	0	0	0	0	0	0	0	0	0	0	0	0	0	0	0	0	0	0	0	0	0	0	0	0	0	0	0	0	0	0	0	0	0	0	0	0	0	0	0	0	0	0	0	0	0	0	0	0	0	0	0	0	0	0	0	0	0	0	0	0	0	0	0	0	0	0	0	0	0	0	0	0	0	0	0	0	0	0	0	0	0	0	0	0	0	0	0	0	0	0	0	0	0	0	0	0	0	0	0	0	0	0
Lachnospiraceae_bacterium_10_1	0.35669	0.01585	0.5497	0.03428	0	0.4635	1.66151	1.63525	19.40213	0.00385	0.02034	0.0094	0	0.15288	0.57827	0	0.73435	0.61026	0.79106	0.49196	4.08661	0.02857	2.11754	0	0.11312	0.02057	5.01548	18.16492	0.01305	2.49437	3.21274	0.18576	4.68094	7.98992	0.54929	0	0.2426	5.34683	3.64298	1.79648	5.87972	2.98456	0.95361	0.5422	4.08641	1.52995	2.96135	0.01728	0.04664	0.08611	0.03839	0.02589	0.03725	0.48964	14.28923	0.07573	1.2108	0.25522	6.54644	7.09001	20.63453	0.0065	33.49152	0.01362	0.03712	0	0.01782	3.26076	21.73469	0.00265	4.42993	17.13626	4.41724	2.4868	8.31286	0.84855	0.6063	0	14.59964	2.3521	5.21651	2.34735	1.42387	2.59386	0	0.06386	0	0	0.05624	0.00857	0	0.08415	0.00539	0.33319	0.00033	0.00338	0.0713	0	0.03694	0.05403	0	0.03778	0	0	0.83773	0	0.36282	0	0	0	3.31345	0.11786	5.70996	1.02049	2.22768	0.01212	0.27866	5.17949	0.07028	7.52562	0	2.74963	0	0.06165	0	0.17172	0.2318	0.06368	0.00895	3.27712	0.17003	8.39514	1.97384	2.60004	21.01261	7.08706	0.03646	0.72911	0.52297	3.5692	0.05049	6.41124	0.0103	1.89857	0.17914	0.20309	0	1.26395	0.03781	0.73263	0.40982	0.01647	0.31411	0.0483	0.09661	1.88783	0.13466	0.66443	0.08827	0.47642	0	0
Lachnospiraceae_bacterium_28_4	0.25019	2.18986	0.47821	30.57741	43.82967	1.01722	2.31637	2.13061	0.91191	0.04339	11.72537	0.32295	0.28911	20.47579	59.51716	0.32287	0.02139	0.22878	5.43345	1.78423	0.10454	2.77102	0.01389	0.39009	2.32515	0.56105	12.29463	0.47204	1.25028	3.19394	9.04571	0.66579	3.73166	4.43447	1.36683	0.08867	3.34192	2.76928	28.91656	0.40316	2.4684	3.1626	2.10095	0.14615	0.19118	12.46634	0.10699	0.49848	0.60336	0.8913	4.49112	0.17903	0.2159	3.92144	5.07528	7.25345	1.08823	3.74375	8.87901	5.58906	0.11873	0.10576	13.49293	2.85833	1.68148	1.33005	0.49437	11.25718	30.15539	0.2274	1.32609	7.25721	0.78916	0.69591	0.07771	6.67404	4.5504	2.60844	17.40076	5.57449	2.32448	4.77979	0.6912	0.67518	0.02591	5.7642	0.15638	3.33443	13.06041	1.29936	0.04117	18.16955	0.42497	1.93177	3.74457	0.22202	6.70217	0.11434	2.26501	3.10018	0.02565	0.5074	16.41307	9.01702	8.91234	4.99757	0.74049	1.23842	0.05255	4.78078	0.15416	3.19506	0.38971	1.01499	0.48716	0.61568	0.13669	11.76811	1.85907	2.25288	3.35973	1.71181	0.63856	9.77927	0.40424	3.20377	0.42842	0.0766	0.13312	5.8904	0.01289	9.78536	0.17281	1.34739	2.79056	4.27325	5.94726	13.6792	1.91042	24.16865	15.49157	9.37126	3.39911	0.16651	7.06818	2.09705	2.64757	0.85361	2.14012	6.75225	0.87092	0.01466	1.30746	9.02491	1.92881	0.88668	27.98298	21.9745	5.4348	34.02193	0.00169	0
Lachnospiraceae_bacterium_3_1	0.13169	0.00119	0.43819	0.01536	0.09597	0.21458	1.06625	0.99076	0.69312	0.00322	0.00189	0.06524	0.02624	0.04892	0.06418	0.02305	0.00444	0.00207	0.04246	0.00585	0.01871	0.00956	0.00199	0	0	0.00198	0	0.00915	0	0	0.00262	0	0	0.01002	0	0	0	0.00595	0.01462	0.00186	0.00587	0	0.00119	0.02696	0.01112	0.03948	0.00235	0	0	0	0.00034	0	0	0.00024	0	0	0.00136	0	0.01194	0	0.00202	0	0.00168	0	0	0	0	0	0.01707	0	0	0.02227	0.00204	0.0007	0.0042	0	0	0	0.01218	0.00056	0.0067	0.00804	0	0.00442	0	0	0	0	0	0	0	0	0	0	0	0	0	0	0	0	0	0	0	0	0	0	0	0	0	0	0.00864	0.00024	0	0	0	0	0	0	0	0	0	0.00362	0	0	0	0.00047	0	0.00115	0.00057	0.00598	0	0	0.00542	0	0.00274	0	0	0.00462	0	0.00077	0.00143	0.00041	0	0	0.00029	0	0	0	0	0.00231	0	0	0	0.00112	0	0	0.00071	0	0.00103	0.00024	0	0
Lachnospiraceae_bacterium_3_2	0.06159	0	0.1732	0.19041	0.0205	0.00045	0.01427	0.00285	0.01184	0	0.00113	0.03021	0.00912	0.14982	0.20392	0.00973	0.0075	0	0.00559	0.01117	0.00462	0.01651	0	0	0	0	0	0.00134	0	0	0	0	0	0	0.00042	0	0	0	0	0	0	0	0	0	0	0	0	0	0	0	0	0	0	0	0.00029	0	0	0	0	0	0	0	0	0	0	0	0	0	0	0	0	0	0.00514	0	0	0	0	0	0	0	0	0	0	0.00157	0	0	0	0	0	0	0	0	0	0	0	0	0	0	0.00566	0	0	0	0.00344	0	0.02447	0	0	0	0	0	0	0.03728	0	0	0	0	0	0	0	0	0	0	0	0	0	0	0	0	0	0	0	0	0	0	0	0	0	0	0	0	0	0	0	0	0.00105	0	0	0	0	0	0	0	0	0	0	0	0.02054	0	0	0	0	0
Lachnospiraceae_bacterium_A2	0.14073	0.03472	0.22506	0.02911	0.0684	0	0.02172	0.02189	0.41763	0.00028	0	0	0.01375	0.00121	0.01513	0.00027	0.00041	0	0.00716	0	0	0	0	0	0	0	0	0	0	0	0	0	0	0	0	0	0	0	0	0	0	0	0	0	0	0	0	0	0	0	0	0	0	0	0	0	0	0	0	0	0	0	0	0	0	0	0	0	0	0	0	0	0	0	0	0	0	0	0	0	0	0	0	0	0	0	0	0	0	0	0	0	0	0	0	0	0	0	0	0	0	0	0	0	0	0	0	0	0	0	0	0	0	0	0	0	0	0	0	0	0	0	0	0	0	0	0	0.0046	0	0	0	0	0	0	0	0	0	0	0	0	0	0	0	0	0	0	0	0	0	0	0	0	0	0	0	0	0	0	0	0	0	0
Lachnospiraceae_bacterium_A4	0	0	0	0	0	0	0.00043	0.00154	0	0	0	0.19881	0	0	0.10788	0	0.04134	0	0	0	0	0	0	0	0	0	0	0	0	0	0	0	0	0	0	0	0	0	0	0	0	0	0	0	0	0	0	0	0	0	0	0	0	0	0	0	0	0	0	0	0	0	0	0	0	0	0	0	0	0	0	0	0	0	0	0	0	0	0	0	0	0	0	0	0	0	0	0	0	0	0	0	0	0	0	0	0	0	0	0	0	0	0	0	0	0	0	0	0	0	0	0	0	0	0	0	0	0	0	0	0	0	0	0	0	0	0	0.00722	0	0	0	0	0	0	0	0	0	0	0	0	0	0	0	0	0	0	0	0	0	0	0	0	0	0	0	0	0	0	0	0	0	0
Lachnospiraceae_bacterium_M18_1	0.00136	0.00507	0.00081	0.00193	0.00218	0.01909	0.07911	0.05893	0.01977	0	0	0.02473	0.00015	0.00025	0.00156	0	0	0.0167	0.00323	0.04734	0.0766	0.00055	0.0253	0	0	0	0.00359	0.04749	0	0	0.04021	0.00363	0.01028	0.0584	0.00331	0	0.00658	0	0.09476	0.04006	0.01309	0.00525	0.02252	0	0.03933	0.02195	0.0183	0	0.00331	0.001	0.04645	0.00171	0.00442	0	0.03709	0.00718	0.00706	0.05876	0.12611	0.01311	0.03261	0.00232	0.01809	0.00509	0	0.00286	0	0.01532	0.08902	0.00361	0.02404	0.07731	0.00395	0	0.00355	0.01556	0.00464	0.00476	0.06279	0.0134	0.00637	0.02422	0.01124	0.01031	0.01401	0.04308	0	0.00242	0.1406	0.03174	0.0014	0.16175	0.00134	0.00125	0.01988	0.0046	0.01177	0	0.03078	0.114	0.00095	0	0.555	0.05155	0.00887	0.01159	0.00901	0.00542	0.0018	0.01503	0.16451	0.0414	0.02995	0.00053	0.00424	0.01749	0.02339	0.04386	0.34112	0.08078	0.01764	0.20789	0.01272	0.04332	0.00989	0.01595	0.00423	0.02455	0.03723	0.50685	0.00105	0.03801	0.02032	0.01241	0.02169	0.15356	0.05087	0.10815	0.02347	0.07195	0.15039	0.02904	0.01396	0.00466	0.03018	0.00421	0	0	0.00091	0.04497	0.004	0.02268	0.01105	0.02997	0.00087	0.03451	0.12624	0.06837	0.01031	0.057	0	0
Robinsoniella_sp_RHS	0	0	0	0	0	0	0	0	0	0	0	0	0	0	0	0	0	0	0	0	0	0	0	0	0	0	0	0	0	0	0	0	0	0	0	0	0	0	0	0	0	0	0	0	0	0	0	0	0	0	0	0	0	0	0	0	0	0	0	0	0	0	0	0	0	0	0	0	0	0	0	0	0	0	0	0	0	0	0	0	0	0	0	0	0	0	0	0	0	0.00308	0	0	0	0	0.00924	0	0	0	0	0	0	0	0	0	0	0	0	0	0.02089	0	0	0	0	0	0	0	0	0	0	0	0	0	0	0	0	0	0	0	0	0	0	0	0	0	0	0	0	0	0	0	0	0	0	0	0	0	0	0	0	0	0	0	0	0	0	0	0	0	0	0	0	0
Tyzzerella_nexilis	0	0	0	0	0	0	0	0	0	0	0	0	0	0	0	0	0	0	0	0	0	0	0	0	0	0	0	0	0	0	0	0	0	0	0	0	0	0	0	0	0	0	0	0	0	0	0	0	0	0	0	0	0	0	0	0.00623	0	0	0	0	0	0	0	0	0	0	0	0	0	0	0	0	0	0	0	0	0	0	0	0	0	0	0	0	0	0	0	0	0	0	0	0	0	0	0	0	0	0	0	0	0	0	0	0	0	0	0	0	0	0	0	0	0	0	0	0	0	0	0	0	0	0	0	0	0	0	0	0	0	0	0	0	0	0	0	0	0	0	0	0	0	0	0	0	0	0	0	0	0	0	0	0	0	0	0	0	0	0	0	0	0	0
Oscillibacter_sp_1_3	0.05521	0.01523	0.11001	0.10039	0.14687	0.0827	0.27032	0.19768	0.34276	0.01363	0.04042	6.24751	0.06299	0.57253	0.11647	0.06569	0.03252	0.1027	0.21043	0.07205	0.31773	0.16816	0.5877	0	0.00645	0.00107	0.09878	2.54254	0.00684	0.02847	0.29246	0.01226	0.30605	0.38082	0.05321	0.00077	0.2179	0.04345	0.70786	0.61306	0.09071	0.02347	0.58173	0.1052	0.25564	0.70562	0.04826	0.01015	0.00221	0.01828	0.41955	0.01396	0.01541	0.15689	0.16525	0.01447	0.02861	0.00457	0.30416	0.15196	1.17966	0.08713	0.36618	0.02831	0.01516	0.0467	0.00337	0.11642	0.23086	0.00374	0.09345	0.24399	0.03251	0.00848	0.07484	0.06718	0.01709	0.03292	0.24162	0.07221	0.21387	0.25494	0.01867	0.09788	0.0128	0.17598	0	0.03355	0.11259	0.00949	0.00107	0.01673	0	0.01578	0.00244	0.00132	0.16529	0.003	0.07202	0.26444	0	0.02469	0.4554	0.06051	0.19324	0.0356	0.02863	0.02665	0	0.15406	0.79951	0.21252	0.2467	0.09479	0.05434	0.00758	0.04149	0.59357	0.37048	0.83094	0.01758	4.00294	0.01049	0.09932	0.00297	0.5177	0.00164	0.03335	0.11512	0.86394	0.00197	0.39063	0.07234	0.03864	0.90179	0.29088	0.34416	0.26954	0.05658	0.10816	0.12923	0.80112	0.0087	0.10393	0.0779	0.01374	0.01139	0.06491	0.01613	0.04537	0.02701	0.00435	0.19667	0.18842	0.09253	0.14344	0.29165	0.62785	0.25427	0.07923	0.0052	0.02159
Clostridioides_difficile	0	0	0	0	0	0	0	0	0	0	0	0	0	0	0	0	0	0	0	0	0	0	0	0	0	0	0	0	0	0	0	0	0	0	0	0	0	0	0	0	0	0	0	0	0	0	0	0	0	0	0	0	0	0	0	0	0	0	0	0	0	0	0	0	0	0	0	0	0	0	0	0	0	0	0	0	0	0	0	0	0	0	0	0	0	0	0	0	0	0.0034	0	0	0.0038	0	0.18202	0.02826	0	0	0	0	0	0	0	0	0	0	0	0	0.01093	0	0	0	0	0	0	0	0	0	0	0	0.00154	0	0	0	0.05898	0	0	0	0	0	0	0	0	0	0	0	0	0	0	0	0	0	0	0	0	0	0	0	0	0	0	0	0	0	0	0	0	0	0	0	0	0
Paeniclostridium_sordellii	0	0	0	0	0	0	0	0	0	0	0	0	0	0	0	0	0	0	0	0	0	0	0	1.00953	0	0	0	0	0	0	0	0.00273	0	0	0	0.07727	0	0	0	0	0	0	0	0	0	0	0	0	0	0	0	0	0	0	0	0	0	0.12861	0	0	0	0.17089	0.00095	0	0	0	0	0	0.00189	0.02239	0	0	0	0	0	0	0	0	0	0	0	0	0	0	0.02209	0	0.09079	0	0.25303	0.18502	0.07714	0.00023	0.26044	0.01918	0.09456	0.27019	0	0.1683	0.03752	0	0	0.01078	0.07957	0.01173	0	0	0	0.02647	0.00082	0	0	0	0	0	0	0	0	0	0	0	0	0	0	0	0	0	0	0	0	0	0	0	0	0	0	0	0	0	0	0	0	0	0	0	0	0	0.93674	0	0.00134	0	0.01121	0.00258	0.03021	0	0.00531	0.23921	0	0.01441	0	0	0.08825	0.27839
Paraclostridium_bifermentans	0	0	0	0	0	0	0	0	0	0	0.14099	0	0	0	0	0	0	0	0	0	0	0	0	0	0	0	0	0	0	0	0	0	0	0	0	0	0	0	0	0	0	0	0	0	0	0	0	0	0	0	0	0	0	0	0	0	0	0	0	0	0	0.00786	0	0	0	0	0	0	0	0.00424	0	0	0	0	0	0	0	0	0	0	0	0	0	0	0	0	0	0	0	0	0	0	0	0	0	0	0	0	0	0	0	0	0	0	0	0	0	0	0	0	0	0	0	0	0	0	0	0	0	0	0	0	0	0	0	0	0	0	0	0	0	0	0	0	0	0	0	0	0	0	0	0	0	0	0	0	0	0	0	0	0	0	0	0	0	0	0	0	0	0	0	0
Romboutsia_ilealis	0.01516	0	0.01941	0.02255	0.09387	0	0	0	0	0	0.01169	0.31929	0.02538	0.02705	0.06743	0.54459	0.03197	0	0	0	0.00868	0.1214	0	0.01056	0	0.01385	0	0.00378	0	0	0.01745	0	0	0	0	0	0	0	0	0	0	0.00818	0	0.02384	0.00456	0.00216	0	0	0	0	0	0	0	0	0.00252	0	0	0.00124	0	0.00053	0	0.01401	0	0.00466	0	0	0	0	0	0	0	0	0	0	0.00604	0	0	0	0	0.00109	0	0	0	0	0	0	0	0	0	0	0	0	0	0	0	0.00288	0	0	0	0	0	0	0	0	0	0	0	0	0	0	0	0.01501	0.02939	0	0.00265	0	0	0	0	0	0	0	0.00124	0	0	0	0	0	0	0	0	0	0	0	0	0	0	0	0.00222	0	0	0	0	0	0	0	0	0	0	0.00089	0	0.00422	0	0	0	0	0.0027	0	0	0.00343	0	0.00479
Terrisporobacter_othiniensis	0	0	0	0	0	0	0	0	0	0	0	0	0	0	0	0	0	0	0	0	0	0	0	0	0	0	0	0	0	0	0	0	0	0	0	0	0	0	0	0	0	0	0	0	0	0	0	0	0	0	0	0	0	0	0	0	0	0	0	0	0	0.03189	0	0	0	0	0	0	0	0	0	0	0	0	0	0	0	0	0	0	0	0	0	0	0	0	0	0	0	0	0	0	0	0	0	0.00042	0	0	0	0	0	0	0	0	0	0	0	0	0	0	0	0	0	0	0	0	0	0	0	0	0	0	0	0	0	0	0	0	0	0	0	0	0	0	0	0	0	0	0	0	0	0	0	0	0	0	0	0	0	0	0	0	0	0	0	0	0	0	0	0	0	0
Acutalibacter_muris	0	0	0	0.00117	0	0.69665	1.20008	1.23656	0.3791	0.04355	0	0.00135	0	0.00162	0.00141	0.00091	0.00107	0.13879	0.74497	0.7462	0.93718	0.01202	0.14411	0	0	0.02119	0.00225	7.051	0.01987	0.02132	0.132	0.00252	0.09311	0.14234	0.02727	0	0.07405	0.00512	0.00224	0.20994	0.03741	0.00698	0.26751	0.08241	0.16563	1.72651	0.06269	0	0.00042	0.01311	0.36115	0.00998	0.00802	0.11917	0.36771	0	0.02761	0.00833	0.0074	0.04773	0.12299	0	0.49054	0.01413	0.00013	0.00038	0	0.04598	0.1366	0	0.06583	0.36423	0.04707	0.00681	0.13108	0.02258	0.0475	0	0.23038	0.00352	0.01164	0.08819	0.00826	0.12903	0	0.0387	0	0.00477	0.07417	0	0	0.12413	0	0.01621	0	8.00E-05	0.08097	0	0.06304	0.22266	0	0.01665	0.49895	0.58157	0.16033	0.28069	0.01922	0.01652	0	0.05268	0.0488	0.05857	0.33099	0.01239	0.08513	0.00639	0.00024	0.42087	0	0.1554	0.0024	0.38383	0	0.0447	0.00026	0.17125	0	0.29562	0.06957	1.21847	0	0.14922	0.04981	0.02363	0.40412	0.0051	0.11369	0.06066	0.02274	0.15041	0.21817	0.09968	0.01104	0.02468	0.07812	0.01313	0	0.01443	0	0.02205	0.00058	0.01395	0.09193	0.37349	0.04909	0.10604	0.04841	0.09359	1.06268	0.02248	0.01037	0
Anaerotruncus_colihominis	0.00063	0	0.00434	0.11364	0.08255	0.01418	0.02376	0.0173	0.01908	0.00215	0.03978	0.32098	0.1352	0.15203	0.16441	0.04111	0.01443	0.0255	0.00527	0.01032	0.02479	0.13266	0.01845	0.01914	0	0	0.00885	0.15196	0	0	0.01384	0.00151	0.02961	0.05438	0.00111	0	0	0	0.03709	0.03575	0.00023	0.01557	0.0792	0.00178	0.01437	0.00105	0.0017	0	0	0	0.02375	0.00031	0.0016	0.00973	0.08111	0.01416	0.00029	0.05541	0.02667	0.00548	0.02559	0	0.01925	0	0	0	0	0	0.03142	0.00335	0.00846	0.02755	0	0	0.02037	0	0	0.00318	0.00429	0.00879	0.01084	0.03584	0.00153	0.01752	0.00324	0.01523	0	0	0.04573	0.04712	0	0.05297	0	0.00317	0.08514	0	0.02081	0	0.00809	0.00928	0.00329	0	0.20141	0.04634	0.03598	0.03238	0	0	0.00313	0.0101	0.01317	0.01802	0.00628	0	0.00114	0	0.00159	0.01381	0.04172	0.04397	0.00254	0.053	0.0035	0.00922	0	0	0	0.01333	0.01	0.07183	0.00733	0.0159	0	0.00057	0.00776	0.02034	0.01687	0.00221	0	0.04313	0.00507	0.02014	0	0	0	0	0	0	0	0.02642	0	0.03172	0.02352	0.03265	0.00735	0.00885	0.03954	0.0439	0.0102	0.0036	0	0.07067
Anaerotruncus_sp_G3_2012	0.23848	0.11622	0.40458	1.19659	3.30789	1.56572	5.61726	5.68414	11.83637	0.20786	0.42607	4.69978	2.03733	2.09069	3.81144	1.00846	0.21896	1.45276	0.70825	0.43214	0.93512	1.57707	1.71783	0.26581	0.0843	0.14648	1.31567	10.70555	0.34719	0.4573	0.35128	0.05003	0.8876	1.9054	0.28241	0.0241	0.42277	0.46112	3.98526	3.76384	0.31708	0.56743	3.65591	1.10414	2.32249	0.76299	0.4736	0.21715	0.01881	0.20136	1.13228	0.04126	0.05062	0.18856	0.77353	0.3237	0.36578	1.23323	1.26558	0.6647	0.92295	0.0312	1.14754	0.17886	0.10332	0.1277	0.00902	0.50914	0.98487	0.0251	0.44835	1.83757	0.31464	0.02886	0.50174	0.11584	0.16493	0.26633	1.17783	0.30399	0.37185	0.95281	0.14912	0.5792	0.0941	0.64689	0.02371	0.05833	2.04341	0.21612	0.02171	0.792	0.05966	0.14174	1.14216	0.04526	0.53426	0.01849	0.39367	1.23314	0.01079	0.07287	2.72866	0.96198	0.66799	0.89702	0.11058	0.04335	0.00982	0.58804	1.07443	0.59913	0.75093	0.04878	0.30938	0.04226	0.03056	0.8335	0.06188	0.70087	0.16181	1.13377	0.02946	0.57531	0.00549	0.14751	0.0367	0.37989	0.18712	1.59717	0.04719	0.61228	0.22554	0.42735	1.51734	1.05214	0.42523	0.38041	0.05961	1.51453	0.6859	0.8881	0.06031	0.13259	0.30382	0.02952	0.21067	0.25518	0.02314	1.36757	0.26249	0.51736	1.49687	0.7188	0.1185	0.402	0.98658	0.74297	0.58965	0.64463	0.08122	2.29737
Flavonifractor_plautii	0.00479	0.02446	0.00224	0.02513	0.01951	0	0	0	0	0.00471	0	0.02303	0	0	0.06438	0	0	0	0	0	0	0	0	0.49357	0.12371	0	0.00161	0	0.16537	0	0	0	0	0	0	0	0	0	0	0	0.06243	0	0	0	0	0	0	0	0	0	0	0	0	0	0.03862	3.55401	0.00423	0.46161	0.06421	0	0	1.70809	0	0	0	0	0	0	0	0	0	0	0	0	0	0	0.00118	0	0	0	0	0	0	0	0	0	0	0	0	0	0	0	0	0	0	1.15841	0	0	0	0	0	0	0	0	0	0	0	0	0	0	0	0	0	0	0	0	0	0	0	0	1.08735	0	0.33799	0	0	0	0	0	0	0	0.39241	0	0	0	0	0	0	0	0	0	0	0	0	0	0	0	0.99671	0	0	0	0	0.04498	0.68928	0	0.00079	0.28211	0	0.02044	0.00755	0.02966	0.09969	4.29748
Clostridium_methylpentosum	0.00472	0.00104	0.002	0	0	0	0	0	0	9.00E-05	0.01518	0.0182	0.00298	0.00446	0.01753	0.00647	0.01475	0	0	0	0	0.02779	0	0	0	0	0	0	0	0	0	0	0	0	0	0	0	0	0	0	0	0	0	0	0	0	0	0	0	0	0	0	0	0	0	0	0	0	0	0	0	0	0	0	0	0	0	0	0	0	0	0	0	0	0	0	0	0	0	0	0	0	0	0	0	0	0	0	0	0	0	0	0	0	0	0	0	0	0	0	0	0	0	0	0	0	0	0	0	0	0	0	0.00786	0	0	0	0	0	0	0	0	0	0	0	0	0	0	0	0	0	0	0	0	0	0	0	0	0	0	0	0	0	0	0	0	0	0	0	0	0	0	0	0	0	0	0	0	0	0	0	0	0
Ruthenibacterium_lactatiformans	0	0	0	0.00326	0	0	0	0	0	0	0	0.08856	0	0	0	0	0	0	0	0	0	0	0	0	0	0	0	0	0	0	0	0	0	0	0	0	0	0	0	0	0	0	0	0	0	0	0	0	0	0	0	0	0	0	0	0	0	0	0	0	0	0	0	0	0	0	0	0	0	0	0	0	0	0	0	0	0	0.0016	0	0	0	0	0	0	0	0	0	0	0	0	0	0	0	0	0	0	0	0	0	0	0	0	0	0	0	0	0	0	0	0	0	0	0	0	0	0	0	0	0	0	0	0	0	0	0	0	0	0	0	0	0	0	0	0	0	0	0	0	0	0	0	0	0	0	0	0	0	0	0	0	0	0	0	0	0	0	0	0	0	0	0	0
Dubosiella_newyorkensis	10.48064	0.2463	8.91289	2.42205	1.01706	0.01578	0.02126	0.00764	0.01332	2.43196	1.89423	4.31065	3.91877	2.66212	0.79905	3.33722	5.81709	3.16458	0.16889	0	0.04107	2.70638	0	1.51247	2.22329	31.948	1.46605	0.28838	10.17457	3.06538	12.77988	14.64427	16.58399	5.07574	1.33315	6.69542	2.73836	2.54603	18.5317	2.25387	3.41597	2.38142	0.92769	1.54255	12.87976	1.05711	4.81581	6.22568	2.49625	2.06638	5.66914	3.262	3.42238	2.59898	1.31082	0.41744	0.4415	0.63354	1.26963	0.80355	0.36055	1.97397	0.00684	0.60761	1.42371	0.49079	0.28634	0.0201	0.34767	2.06772	9.58408	0.34748	0.23181	4.33465	0.80074	1.38418	26.40395	1.47808	0.20206	0.61491	1.25258	1.03801	1.4392	0.19175	49.92952	1.12022	29.53239	0.83435	3.87066	1.64494	61.49946	0.84767	12.82553	8.13269	9.59949	4.58308	4.58104	1.71257	10.53438	1.98257	4.58082	4.76606	0.81417	10.42394	33.73833	12.18658	2.36309	1.52774	9.29694	7.11952	0.61861	4.14514	1.1341	0.47286	0.61795	1.34805	0.89414	1.13354	0.16742	0.15208	2.65457	0.13551	4.20185	0.35066	1.48009	0.13549	1.55397	0.461	16.24867	7.09261	2.32223	2.2379	4.79788	2.55585	4.31992	1.77672	1.47737	0.25008	0.28179	2.16876	0.78862	0.13087	0.56825	0.38704	1.3782	0.46681	9.77356	9.26851	10.84661	1.44558	1.77022	4.19573	11.25578	7.29721	1.76012	6.6638	12.31204	10.55571	4.85001	6.88219	12.11333	7.17663
Clostridium_cocleatum	0.01464	0.01109	0.01788	0.00237	0.00493	0	0	0	0	0.14835	1.23623	0.1165	0.05263	0.1207	0.25571	0.14478	0.04214	0	0	0.00864	0.04177	0.13139	1.05236	0.14599	0.021	0.44732	0.02761	0.02297	0.06313	0.03769	0.03163	0.07929	0.00641	0.01422	0.0214	0.02213	0.05865	0	0	0.03669	0.18091	0.05429	0.00374	0.09273	0.0386	0	0.03853	0.02227	0.01389	0.01121	0.00247	0.00275	0.01665	0	0.01177	0.28854	0.04922	0.33581	0.09819	0.00264	0.0003	0.44211	0	0.51878	0.05856	0.02056	0	0.22387	0.01363	0.01465	0.01535	0.18777	0.07197	0.01461	0.57947	0.11411	0.17125	0.08312	0.02136	0.03163	0.00996	0.14737	0.03065	0.06908	0.07225	0.09001	0.06028	0.01822	0.38297	0.28343	0.09036	0.14325	0.27457	0.01234	0.40831	0.04648	0.11763	0.05347	0.11879	0.00891	0.11989	0.00769	0.53215	0.03786	0.00654	0.01876	0.10833	0.05935	0.03407	0.0928	0.04317	0.07776	0.02787	0.0015	0	9.00E-05	0.00128	0	0.04284	0	0.11312	0	0.15173	0.01183	0.0094	0	0.03954	0	0.08008	0.00737	0.03083	0.23708	0.05066	0	0.02475	0	0.04536	0.00262	0.00099	0	0.0008	0.00219	0.00402	0	0	0.00036	2.31714	0.15737	0.61695	0.27934	0.132	1.48136	0.74324	0.79524	0.01562	1.2872	2.22859	0.34246	0.00845	0.71805	0.38854	5.60256
Clostridium_innocuum	0	0	0	0	0	0	0	0	0	0	0	0	0	0	0	0	0	0	0	0	0	0	0	0.20709	0	0	0	0	0.08119	0.00622	0	0	0	0	0	1.02799	0	0	0	0	0	0.03964	0	0	0	0	0	0	0	0	0	0	0	0	0	0	0	0	0	0	0	0	0	0	0.0215	0	0	0	0	0	0	0	0	0	0	0	0	0	0	0	0	0	0	0	0	0	0.0152	0	0.334	0	0	0	0	0	0	0.30544	0	0.01858	0	0	0	0	0	0	0	0	0	0	0	0	0	0	0	0	0	0	0	0	0	0	0.08573	0	0.24796	0	0.21438	0	0	0	0	0	0.04943	0	0	0	0	0	0	0	0	0	0	0	0	0	0	0	0.50086	0	0	0	0	0	0	0	0	0.21075	0	0	0	0	0.12158	0.13292
Faecalibaculum_rodentium	39.4022	4.00071	36.42869	22.33031	13.30646	47.7345	46.41048	46.54779	15.36821	17.48103	6.44105	18.63659	52.49002	18.9479	5.95578	18.66908	43.68348	36.85783	10.12189	0.74034	12.10616	13.06437	0.17636	17.37629	23.68817	2.03633	22.80102	1.39963	13.27883	13.74807	3.18045	9.55422	14.3617	10.39069	10.41027	10.3619	12.48083	36.96252	10.52547	21.83353	14.29824	20.83778	16.46589	7.99049	13.93448	7.98915	17.97802	8.07843	7.92665	6.15953	2.75544	10.59552	10.34022	2.97527	34.30578	6.39366	7.83555	1.08081	10.25534	32.36072	34.52127	4.77428	10.2587	9.84177	31.47835	8.18768	19.61985	6.10636	5.88503	22.15334	16.66882	5.88893	28.24868	26.7611	19.87586	18.93203	10.10108	18.93969	2.439	13.11928	3.319	5.83544	6.84451	8.72184	3.64062	19.84991	9.13572	9.01283	7.68987	7.54043	7.02113	13.58468	12.14211	59.21985	19.49496	6.83635	9.47606	4.0616	5.94862	4.17017	5.0853	10.35942	2.58911	16.57157	28.00334	15.41371	6.49753	5.00273	4.40936	13.69063	5.46742	11.49801	2.99114	3.37795	2.49251	18.0174	28.08445	1.73181	5.06965	4.45182	3.22101	2.85989	3.81325	12.44507	2.23602	5.19953	20.6	3.10322	2.93929	2.11604	3.72214	3.26682	6.07666	6.39859	3.16429	2.7803	2.08622	0.8138	3.18423	5.44498	1.62434	5.31387	1.46814	9.26215	2.58382	10.43114	9.92833	23.22397	59.50182	12.20231	8.65638	11.51435	5.87913	7.46502	2.8183	7.5477	18.84723	12.66238	7.41862	27.72072	39.2592	9.60685
Ileibacterium_valens	0.04037	0	0.05337	0.02378	0.00423	0	0	0.04276	0.01641	0.00858	0.0369	0.03707	0.01149	0.02353	0.01031	0.11895	0.16274	0.02131	0.01049	0	0.01979	1.32965	0	0	0	0	0	0.0256	0.10501	0.00846	0	0.00761	0.01814	0.01649	0.00367	0	0.01541	0	0	0.05416	0	0.01346	0	0.04507	0	0.02639	0.00718	0	0	0	0.05154	0.0281	0	0.01123	0.00522	0	0.00355	0	0.00642	0	0.05867	0.00397	0	0.09998	0.00605	0	0	0	0	0	0.00992	0	0	0	0	0	0.04577	0.00308	0.00981	0	0	0.02168	0.00668	0.00918	0.00273	0.00534	0	0	0	0	0.00462	0.01449	0.00253	0.09163	0.18641	0.0022	0.02259	0	0.19335	0	0.01205	0.01598	0.10636	0.05223	0.28927	0	0.00402	0	0.01499	0.01655	0.30953	0.03011	0.25862	0	0	0.00666	0	0.32141	0	0.01359	0.00429	0.10145	0.01083	0.01073	0	0.05743	0	0.15723	0.1272	0.33885	0.00586	0.02681	0	0.39428	0.06791	0.25019	0.03354	0.01912	0.00495	0.36051	0	0.45724	0.02786	0.17972	0.1337	0.00413	0	0.0107	0.00611	0	0	0.01622	0.14922	0.4355	0.04999	0.33758	0.05706	0.0288	0.13314	0.0041	0.00385	0
Firmicutes_bacterium_ASF500	0.00637	0.00139	0.0144	0.02369	0.01621	1.14617	5.21372	5.27243	5.27823	0.00343	0.00715	0.07178	0.00812	0.02417	0.02091	0.00946	0.00483	0.98383	0.40314	2.09263	1.70424	0.03165	0.03165	0.00378	0.07163	0.01655	0.28532	2.91683	0.00568	0.0942	0.02681	0.03964	0.50674	0.82088	0.02805	0.01307	0.17548	0.05179	1.23447	4.63073	0.04241	0.04361	1.64538	0.21947	0.43946	2.82729	0.18524	0.04182	0.00812	0.03067	0.14643	0.00937	0.00813	0.06827	0.98794	0.01533	0.3021	0.44813	0.06099	0.05789	0.17624	0.12763	0.68379	0.02467	0.06041	0.02716	0.01117	0.02737	0.09836	0.00072	0.9336	0.92145	0.03957	0.01853	0.32282	0.00606	0.06961	0.05835	1.08896	0.18373	0.11874	0.45468	0.01324	1.72736	0.0062	0.87932	0.02832	0.05595	0.55802	0.01102	0.00514	0.86084	0.1288	0.09106	0.20896	0.00534	0.18214	0.00131	0.02638	2.68804	0.00174	0.09067	1.21754	0.70606	0.45592	0.44087	0.06966	0.03337	0.00532	0.71577	0.12518	0.09061	0.08727	0.00053	0.0623	0.01219	0.00638	0.34984	0.06134	0.79017	0.11797	1.3026	0.00388	0.03346	0.01073	0.0262	0.01103	0.15807	0.01638	6.59814	0.00205	0.11712	0.01048	0.0229	0.17849	0.35819	0.0656	0.15061	0.00794	0.14917	0.09998	0.56444	0.01021	0.0131	0.00915	0.01165	0.22988	0.66136	0.03594	0.44089	0.10641	0.12939	0.26157	0.70745	0.02854	0.61429	0.63332	1.06377	0.45976	0.54413	0.09668	0.10227
Victivallis_vadensis	0	0	0	0	0	0	0	0	0	0	0	0	0	0	0	0	0	0	0	0	0	0	0	0	0	0	0	0.52019	0	0	0	0	0	0	0.08783	0	0	0	0	0	0.00168	0	0	0	0	0	0.02133	0	0	0	0	0	0	0	0	0	0	0	0	0	0	0	0	0	0	0	0	0	0	0	0	0	0	0	0	0	0	0	0	0	0	0	0	0	0	0	0	0	0	0	0	0	0	0	0	0	0	0	0	0	0	0	0	0	0	0	0	0	0	0	0	0	0	0	0	0	0	0	0	0	0	0	0	0	0	0	0	0	0	0	0	0	0	0	0	0	0	0	0	0	0	0	0	0	0	0	0	0	0	0	0	0	0	0	0	0	0	0	0	0	0	0
Aquamicrobium_aerolatum	0	0	0	0	0	0	0	0	0	0	0	0	0	0	0	0.00388	0	0	0	0	0	0	0	0	0	0	0	0	0	0	0	0	0	0	0	0	0	0	0	0	0	0	0	0	0	0	0	0	0	0	0	0	0	0	0	0	0	0	0	0	0	0	0	0	0	0	0	0	0	0	0	0	0	0	0	0	0	0	0	0	0	0	0	0	0	0	0	0	0	0	0	0	0	0	0	0	0	0	0	0	0	0	0	0	0	0	0	0	0	0	0	0	0	0	0	0	0	0	0	0	0	0	0	0	0	0	0	0	0	0	0	0	0	0	0	0	0	0	0	0	0	0	0	0	0	0	0	0	0	0	0	0	0	0	0	0	0	0	0	0	0	0
Alcaligenes_faecalis	0	0	0	0	0	0	0	0	0	0	0	0	0	0	0	1.04618	0.2636	0	0	0	0	0.39945	0	0	0	0	0	0	0	0	0	0	0	0	0	0	0	0	0	0	0	0	0	0	0	0	0	0	0	0	0	0	0	0	0	0	0.03842	0	0	0	0	0	0.01327	0	0	0	0.07292	0	0	0	0	0	0	0	0	0	0	0	0	0	0	0	0	0	0	0	0	0	0	0	0	0.00135	0	0.00134	0.0031	0	0	0	0	0	0	0	0	0	0	0	0	0	0	0	0	0	0	0	0	0	0.00613	0	0.00849	0.01805	0	0	0	0	0	0	0	0	0	0	0	0	0	0	0	0	0	0	0	0	0	0	0	0	0	0.09813	0	0	0	0	0	0	0	0	0	0	0	0	0	0	0	0
Paenalcaligenes_hominis	0.08154	0.05879	0.12712	0.03039	0.40082	0.54928	0.49679	0.59455	1.33854	0.03741	0.00172	0.23025	0	0.01626	0	2.28541	0.38946	0	0.01334	0	0.00946	0.84759	0.01627	0	0	0	0	0	0	0	0	0	0	0	0	0	0	0	0	0	0	0	0	0	0	0	0	0	0	0	0	0	0	0	0	0	0.00539	0	0	0	0	0.00144	0	0.00304	0.0085	0	0.05974	0.07924	0.00318	0.01287	0	0	0	0	0	0.00505	0.0183	0	0	0	0	0	0	0	0	0.02954	0	0.03073	0	0	0	0.053	0	0.00967	0.03737	0	0.0047	0.04558	0.01382	0	0.02542	0	0	0	0	0	0	0.0098	0	0	0	0	0	0	0	0.01385	0.03734	0	0.05393	0.08918	0	0.02112	0	0.01788	0	0.04691	0	0	0	0	0.0014	0	0	0	0	0	0.01116	0	0.00893	0	0.01249	0.00297	0	0.00588	0	0.08241	0	0	0	0	0	0	0	0	0	0	0	0	0	0	0	0
Parasutterella_excrementihominis	0	0	0	0	0	0	0	0	0	0	0	0	0	0	0	0	0	0	0	0	0	0	0	0	0	0	0	0	0	0	0	0	0	0	0	0	0	0	0	0.49147	0.10934	0.45575	0.32718	4.0955	4.46202	3.0944	0.19312	0.00219	21.61125	0	0	17.2086	17.6606	0	0	0	0	0	0	0	0	0	0	0	0	0	0	0	0	0	0	0	0	0	0	0	0	0	0	0	0.00296	0.00377	0	0	0	0	0	0	0	0	0	0	0	0	0	0	0	0	0	0	0	0	0	0	0	0	0	0	0	0	0	0	0	0	0	0	0	0	0	0	0	0	0	0	0.05107	0	0	0	0	0	0	3.31589	2.98432	1.24784	0.53926	0	0	0	0	0	0	0	0	0	0	0	0	0	0	0	0	0	0	0	0	0	0	0	0	0.03143	0	0
Turicimonas_muris	6.59118	1.86873	6.44389	2.85705	0.20628	0.56131	0.20184	0.23106	0.00281	1.6685	13.48806	3.92611	4.24624	10.24016	0.03072	1.2804	7.38753	1.0395	0.04619	0	0.00828	4.34131	0.0155	47.11225	37.05863	28.0054	24.69725	3.9495	35.28977	34.90955	42.23202	20.7737	17.61411	11.4842	19.07703	34.48974	16.8163	31.48015	10.88831	27.48463	20.84487	22.36542	19.69619	27.96796	27.33455	8.28581	36.18252	22.80585	3.06697	11.88741	14.82798	5.34948	6.10928	11.67366	11.72069	22.89525	19.58429	5.96555	13.2151	20.7199	4.7824	27.05572	15.29456	18.86018	19.35699	17.61917	23.18449	7.20133	4.16878	21.66419	31.98052	4.35336	12.16321	31.59223	16.34989	30.11966	29.92936	11.07395	5.16984	11.18372	3.54279	8.80368	8.96686	22.34766	17.16636	22.72469	43.99857	33.45583	16.81405	68.68693	22.14969	19.02051	39.19238	18.1992	32.14483	24.69508	13.90577	24.79687	13.08848	19.06792	30.11366	17.37937	10.84242	11.30793	5.87735	17.65014	26.17779	32.93756	25.98322	27.80046	0.47357	10.38433	10.91873	19.70392	3.87664	20.65487	4.88817	2.11816	0.42063	1.74825	14.69645	1.35679	25.42461	1.82934	14.75775	1.21068	24.52352	3.90045	32.04745	5.02324	26.45482	13.02825	22.13804	12.22446	2.39954	3.07245	12.4006	2.16382	4.28944	1.48018	2.82115	3.90583	5.74268	10.65009	6.62069	9.6615	43.98806	40.53536	16.6956	5.51048	12.91551	7.50932	16.39072	10.04541	6.45303	36.84689	11.63813	16.52864	11.65524	10.97209	36.94328	33.52314
Desulfovibrionaceae_bacterium	0.00319	0	0.00335	0.00243	0.04328	0.39472	0.89089	0.92411	0.89221	0.00065	0.00652	0.08517	0.02151	0	0	0	0	0.00102	0	0.00088	0.0003	0	0	0.13494	0.13329	0	1.56121	0.35022	0.59316	0.27358	0.00284	0	0.60407	0.00419	0	0.09528	0.18789	0.03886	1.5129	0.66504	0.32686	0.25825	0.37297	0	0.00224	0.17054	0.20957	0.03078	0.00086	0.00289	0.2264	0.03118	0.0372	0.0488	0.01071	0.00254	0.0957	0.00156	0.00244	0.0006	0.00527	0.00019	0.00538	0	0	0	0.00089	0	0.01227	0.16166	0.019	0.00461	0.00151	0	0	0	0.0209	0.00029	0.00317	0	0	0.00064	0	0.00195	0.45803	1.2805	0.07514	0.00085	1.70316	1.47379	0.01157	0.15989	0.07133	0.24651	0.39763	0.56847	0.33535	0.15009	0.23789	0.23064	0.08967	0.07888	2.16657	0.05587	0.75987	0	0.01253	0	0.23887	0	0.08095	0.68433	0.13393	0.07967	0.25542	0.01217	0	0.33654	0.00098	0.00191	0.05848	0.00954	0.51576	0.00274	0.56683	0	0.05845	0.0038	0.37035	0.3725	0.20446	1.13694	0.03686	0.05596	0.25276	0.18641	1.59089	0.84191	0	0.40823	0.00215	0.00413	0.04654	0	0.05282	0	0.48313	0.75825	0.01277	0.63582	0.11706	0.11949	0.80284	0.4955	0.31357	0.42404	0.30408	0.16953	1.95279	0.3336	0.26112	0.53988
Helicobacter_hepaticus	0.0004	0	0	0	0.00063	0.00387	0	0	0	0	0.00047	0	0	0	0	0	0	0	0	0	0.00861	0	0	0	0.00237	0.00227	0.0014	0	0	0	0	0.00405	0.00258	0.00595	0.00053	0	0	0.00355	0.00748	0	0.00263	0.00099	0.00287	0	0.00689	0	0	0	0	0	0	0	0	0	0.0016	0	0.00054	0.00613	0.00197	0	0	0.00057	0	0.00055	0	0.00142	0	0.00389	0.01523	0.00497	0	0	0.00175	0	0	0	0	0	0.00341	0.01069	0.00174	0.00101	0.00049	0	0	0	0	0	0.00398	0	0.00016	0	0	0	0.00232	0	0	0	0.00133	0	0	0	0	0	0	0.00342	0	0	0.00127	0	0	0	0	0	0	0	0	0.01775	0	0	0	0	0	0	0	0.00439	0.00124	0	0	0	0	0	0.0015	0.00103	0	0.0071	0	0	0	0	0	0.00366	0	0	0	0	0	0	0	0	0	0	0.0048	0	0	0	0	0	0.00081	0	0	0
Helicobacter_japonicus	5.38709	0.68134	5.91465	4.8807	18.22801	1.39783	0.93388	0.84991	0	9.18131	31.28333	0	16.3073	0	10.85855	0.0261	0.00034	0	0	0.21497	4.00438	0.11291	0.01333	2.6588	0.46158	2.90394	2.01547	0.30806	0.35637	0.8299	0.30641	8.76897	1.13105	6.6804	0.50289	0.57746	0.93227	3.47902	2.66771	1.61406	5.44892	2.14595	4.4771	0	2.45135	0	7.34198	0.03283	0.78339	0.04186	0	0.10711	0.17613	0	0.87898	0.30988	0.32108	14.47721	1.86026	4.0778	4.15979	1.46828	0.65512	1.12724	0.24529	1.47923	0.39055	1.36138	10.63037	3.05344	0.36906	0.41324	0.95177	0.46995	0.75011	0.95603	0.35156	6.22255	1.72131	3.28541	1.3757	1.35837	0.64847	0.5154	0.23118	0.46223	1.09329	1.18909	4.02374	4.21513	0.31857	3.74043	0.68983	0.37833	5.59737	0.24257	0.35959	0.0055	1.46267	0.02336	0.27877	0.82804	0.65157	0.6091	0.59815	1.77884	0	1.25522	1.29939	1.25412	1.47451	1.00862	3.76175	0.15286	0.2553	0.1184	0.0891	10.79257	0.44502	0.43351	0.78446	0.96083	0.32266	0.11497	0.29947	8.9527	1.11994	0.06207	0.70158	2.59896	0.24049	9.91943	1.30856	3.71204	1.36005	1.95263	0.39859	0.29979	0.56327	0.41951	0.12347	2.29035	0.33574	0.33952	0.0556	0.12014	0.49894	0.1469	0.01094	0.65613	0.08759	0.09484	8.54821	1.53663	0.0149	0.2174	0.91129	0.14292	1.21301	0.57115	0.01195	0.51792
Enterobacter_cloacae_complex	0	0.00275	0.01036	0	0	0	0	0	0	0.0005	0	0	0	0	0	0	0	0	0	0	0	0.01848	0	0	0	0	0	0	0	0	0	0	0	0	0	0	0	0	0	0	0	0	0	0	0	0	0	0	0	0	0	0	0	0	0	0	0	0	0	0	0	0	0	0	0	0	0	0	0	0	0	0	0	0	0	0	0	0	0	0	0	0	0	0	0	0	0	0	0	0	0	0	0	0	0	0	0	0	0	0	0	0	0	0	0	0	0	0	0	0	0	0	0	0	0	0	0	0	0	0	0	0	0	0	0	0	0	0	0	0	0	0	0	0	0	0	0	0	0	0	0	0	0	0	0	0	0	0	0	0	0	0	0	0	0	0	0	0	0	0	0	0
Escherichia_coli	0	0.00723	0.01373	0	0	0	0	0	0	0	0.34167	0.04371	0	0	0.08146	0.00701	0	0	0	0	0	0.03615	0	4.51228	0	0.0217	0.0272	0.3416	0	0	0	0	0	0	0	0.053	0	0	0	0	0	0.00854	0.0264	0.00357	0	0.30829	0.12556	0	0	0	0	0	0	0	0	0	0	0.00817	0	0	0	0.62156	0	0	0	0	0	0	0	0	0	0	0	0	0	0	0	0	0	0	0	0	0	0	0.0046	0	0	0	0	0.02718	0.00057	0	0.02122	0	0	0.01249	0.00096	0.29531	0.00537	0	5.80679	0	0.1114	0	0	0	0	0	4.04849	0	0	0	0.15775	0	0	0	0	0	0	0	0	0	0	0	0.00586	0	0	0.00228	0.24022	0	0.00769	0	0	0	0	0	0	0	0	0	0	0	0	0	0	0	0	0	0.16974	0.00087	0.28182	0	0	0	0.01332	0.03545	0.16359	0.00461	0.03899	0	0	1.09122
Klebsiella_michiganensis	0	0	0	0.0018	0	0	0	0	0	0	0	0	0	0	0	0	0	0	0	0	0	0	0	0	0	0	0	0	0	0	0	0	0	0	0	0	0	0	0	0	0	0	0	0	0	0	0	0	0	0	0	0	0	0	0	0	0	0	0	0	0	0	0	0	0	0	0	0	0	0	0	0	0	0	0	0	0	0	0	0	0	0	0	0	0	0	0	0	0	0	0	0	0	0	0	0	0	0	0	0	0	0	0	0	0	0	0	0	0	0	0	0	0	0	0	0	0	0	0	0	0	0	0	0	0	0	0	0	0	0	0	0	0	0	0	0	0	0	0	0	0	0	0	0	0	0	0	0	0	0	0	0	0	0	0	0	0	0	0	0	0	0
Klebsiella_pneumoniae	0	0	0	0	0	0	0	0	0	0	0	0	0	0	0	0	0	0	0	0	0	0	0	0	0	0	0	0	0	0	0	0	0	0	0	0	0	0	0	0	0	0	0	0	0	0	0	0	0	0	0	0	0	0	0	0	0	0	0	0	0	0	0	0	0	0	0	0	0	0	0	0	0	0	0	0	0	0	0	0	0	0	0	0	0	0	0	0	0	0	0	0	0	0	0	0.00128	0	0	0	0	0	0	0.00635	0	0	0	0	0	0	0	0	0	0	0	0	0	0	0	0	0	0	0	0	0	0	0	0	0	0	0	0	0	0	0	0	0	0	0	0	0	0	0	0	0	0	0	0	0	0.05377	0	0	0	0	0	0	0	0	0	0	0	0	0
Klebsiella_quasipneumoniae	0	0	0	0	0	0	0	0	0	0	0	0	0	0	0	0	0	0	0	0	0	0	0	0	0	0	0	0	0	0	0	0	0	0	0	0	0	0	0	0	0	0	0	0	0	0	0	0	0	0	0	0	0	0	0	0	0	0	0	0	0	0	0	0	0	0	0	0	0	0	0	0	0	0	0	0	0	0	0	0	0	0	0	0	0	0	0	0	0	0	0	0	0	0	0	0	0	0	0	0	0	0	0	0	0	0	0	0	0	0	0	0	0	0	0	0	0	0	0	0	0	0	0	0	0	0	0	0	0	0	0	0	0	0	0	0	0	0	0	0	0	0	0	0	0	0	0	0	0.00665	0	0	0	0	0	0	0	0	0	0	0	0	0
Klebsiella_variicola	0	0	0	0	0	0	0	0	0	0	0	0	0	0	0	0	0	0	0	0	0	0	0	0	0	0	0	0	0	0	0	0	0	0	0	0	0	0	0	0	0	0	0	0	0	0	0	0	0	0	0	0	0	0	0	0	0	0	0	0	0	0	0	0	0	0	0	0	0	0	0	0	0	0	0	0	0	0	0	0	0	0	0	0	0	0	0	0	0	0	0	0	0	0	0	0	0	0	0	0	0	0	0	0	0	0	0	0	0	0	0	0	0	0	0	0	0	0	0	0	0	0	0	0	0	0	0	0	0	0	0	0	0	0	0	0	0	0	0	0	0	0	0	0	0	0	0	0	0.01692	0	0	0	0	0	0	0	0	0	0	0	0	0
Proteus_hauseri	0	0	0	0	0	0	0.00841	0	0	0	0	0	0	0	0	0	0	0	0.00267	0	0	0	0	0	0	0	0	0	0	0	0	0	0	0	0	0.02099	0	0	0	0	0	0	0	0	0	0	0	0	0	0	0	0	0	0	0	0	0	0	0	0	0	0	0	0	0	0	0	0	0	0	0	0	0	0	0	0.00202	0	0	0	0	0	0	0	0	0	0	0	0	0	0	0	0	0.02648	0	0.0041	0.00065	0	0.01242	0	0	0	0	0	0	0	0	0	0	0.00838	0	0	0	0	0	0	0	0	0	0	0	0	0	0	0	0	0	0	0	0	0.00472	0	0	0	0	0	0	0	0.00338	0	0	0	0	0	0	0	0	0	0	0	0	0	0	0	0	0	0	0.02013	0.0037	0	0	0	0
Proteus_penneri	0	0	0	0	0	0	0	0	0	0	0	0	0	0	0	0	0	0	0	0	0	0	0	0	0	0	0	0	0	0	0	0	0	0	0	0.00122	0	0	0	0	0	0	0	0	0	0	0	0	0	0	0	0	0	0	0	0	0	0	0	0	0	0	0	0	0	0	0	0	0	0	0	0	0	0	0	0	0	0	0	0	0	0	0	0	0	0	0	0	0	0	0	0	0.00516	0	0	0	0	0.00289	0	0	0	0	0	0	0	0	0	0	0	0	0	0	0	0	0	0	0	0	0	0	0	0	0	0	0	0	0	0	0	0	0	0	0	0	0	0	0	0	0	0	0	0	0	0	0	0	0	0	0	0	0	0	0	0	0	0	0	0	0	0	0	0
Proteus_vulgaris	0	0	0	0	0	0	0	0	0	0	0	0	0	0	0	0	0	0	0	0	0	0	0	0	0	0	0	0	0	0	0	0	0	0	0	0.00213	0	0	0	0	0	0	0	0	0	0	0	0	0	0	0	0	0	0	0	0	0	0	0	0	0	0	0	0	0	0	0	0	0	0	0	0	0	0	0	0	0	0	0	0	0	0	0	0	0	0	0	0	0	0	0	0	0	0	0	0	0	0.00054	0	0	0	0	0	0	0	0	0	0	0	0	0	0	0	0	0	0	0	0	0	0	0	0	0	0	0	0	0	0	0	0	0	0	0	0	0	0	0	0	0	0	0	0	0	0	0	0	0	0	0	0	0	0	0	0	0	0	0	0	0	0	0	0
Rodentibacter_heylii	0	0	0	0	0	0	0	0	0	0	0	0	0	0.02167	0	0.24992	0	0.00708	0.01987	0	0	0	0	0.04399	3.63103	0.01521	0	0	0.00213	0.06245	0	0	0	0	0	0	0	0	0	0	0	0	0	0.01333	0	0	0	0	0	0	0	0	0	0	0	0	0	0.00356	0	0	0	0.0006	0	0	0	0	0	0	0	0	0	0	0	0	0	0	0	0	0	0.00385	0	0	0	0	0	0	0	0	0	0	0	0	0.01738	0	0	0	0	0	0	0	0	0	0	0	0	0	0	0	0	0	0	0	0	0	0	0	0	0	0	0	0	0	0	0	0	0	0	0	0	0	0	0	0	0	0.00197	0	0	0.01417	0	0	0	0	0	0	0	0	0	0	0.00682	0	0	0	0	0	0	0	0	0.01141	0	0	0	0
Acinetobacter_johnsonii	0	0	0	0	0	0	0	0	0	0	0	0	0	0	0	0	0	0	0	0	0	0	0	0	0	0	0	0	0	0	0	0	0	0	0	0	0	0	0	0	0	0	0	0	0	0	0	0	0	0	0	0	0	0	0	0	0	0	0	0	0	0	0	0	0	0	0	0	0	0	0	0	0	0	0	0	0	0	0	0	0	0	0	0	0	0	0	0	0	0	0	0	0	0	0	0	0	0	0	0	0	0	0	0	0	0	0	0	0	0	0	0	0	0	0	0	0	0	0	0	0	0	0	0	0	0	0	0	0.00087	0	0	0	0	0	0	0	0	0	0	0	0	0	0	0	0	0	0	0	0	0	0	0	0	0	0	0	0	0	0	0	0	0
Psychrobacter_pasteurii	0.06236	0.01549	0.06826	0.00951	0.10655	0.2336	0.30943	0.30892	0.47309	0.00899	0.00094	0.33229	0	0.01758	0	1.34145	0.46229	0	0.01304	0	0.0028	0.41522	0.00838	0	0	0	0	0.02709	0	0	0	0	0	0	0	0	0	0	0	0	0	0	0	0	0.0027	0	0	0	0	0	0.00682	0	0	0	0	0	0	0	0.00471	0	0	0.00235	0	0.00946	0.00428	0	0.01122	0.04398	0.00457	0.00888	0	0	0	0	0	0	0.0111	0	0	0	0	0	0	0	0	0.01267	0	0	0	0	0	0.02629	0.00019	0.0108	0.02888	0	0.01274	0.04684	0.02239	0	0.00821	0	0.00726	0	0.00526	0	0.003	0.00197	0	0	0	0	0	0	0.00903	0.02533	0.00278	0	0.01005	0.01573	0	0	0	0.00895	0.00034	0.00502	0	0	0	0	0	0	0.00443	0	0	0	0.00616	0	0	0.00578	0	0	0.01403	0	0	0.01323	0	0	0	0	0	0	0	0	0	0	0	0	0	0	0	0
Psychrobacter_piechaudii	0	0	0	0	0	0	0.0022	0	0	0	0	0	0	0	0	0.01647	0.00585	0	0	0	0	0.00139	0	0	0	0	0	0	0	0	0	0	0	0	0	0	0	0	0	0	0	0	0	0	0	0	0	0	0	0	0	0	0	0	0	0	0	0	0	0	0	0	0	0	0	0	0	0	0	0	0	0	0	0	0	0	0	0	0	0	0	0	0	0	0	0	0	0	0	0	0	0	0	0	0	0	0	0	0	0	0	0	0	0	0	0	0	0	0	0	0	0	0	0	0	0	0	0	0	0	0	0	0	0	0	0	0	0	0	0	0	0	0	0	0	0	0	0	0	0	0	0	0	0	0	0	0	0	0	0	0	0	0	0	0	0	0	0	0	0	0	0
Stenotrophomonas_maltophilia	0	0	0	0	0	0	0	0	0	0	0	0	0	0	0	0	0	0	0	0	0	0	0	0	0	0	0	0	0	0	0	0	0	0	0	0.00251	0	0	0	0	0	0	0	0	0	0	0	0	0	0	0	0	0	0	0	0	0	0	0	0	0	0	0	0	0	0	0	0	0	0	0	0	0	0	0	0	0	0	0	0	0	0	0	0	0	0	0	0	0	0	0	0	0	0	0	0	0	0	0	0	0	0	0	0	0	0	0	0	0	0	0	0	0	0	0	0	0	0	0	0	0	0	0	0	0	0	0	0	0	0	0	0	0	0	0	0	0	0	0	0	0	0	0	0	0	0	0	0	0	0	0	0	0	0	0	0	0	0	0	0	0	0
Xanthomonas_sacchari	0	0	0	0	0	0	0	0	0	0	0	0	0	0	0	0	0	0	0	0	0	0	0	0	0	0	0	0.00261	0	0	0	0.00143	0	0	0.02414	0.01639	0	0	0	0	0.00183	0	0	0.01448	0.00486	0.00131	0	0	0	0	0	0.00077	0.00564	0	0	0	0	0	0	0	0	0	0	0	0	0	0	0	0	0	0	0	0	0	0	0	0	0	0	0	0	0	0	0	0	0	0	0	0	0	0	0	0	0	0	0	0	0	0	0	0	0	0	0	0	0	0	0	0	0	0	0.00876	0	0	0	0	0	0	0.00796	0	0.00196	0	0	0	0.002	0.02056	0	0.01598	0.001	0	0.00082	0	0.00567	0	0	0	0	0	0	0.00064	0	0	0	0	0.0018	0	0	0	0	0	0	0	0	0	0	0	0	0	0	0	0	0
Proteobacteria_bacterium_CAG_139	0	0	0	0	0	0	0	0	0	0	0	0	0	0	0	0	0	0	0	0	0	0	0	0	0	0	0	0	0	0	0	0	0	0	0	0	0	0	0	0.08542	0.0194	0.08086	0.06758	0.78802	0.83651	0.64773	0.03098	0	4.03485	0	0	3.48497	3.61721	0	0	0	0	0	0	0	0	0	0	0	0	0	0	0	0	0	0	0	0	0	0	0	0	0	0	0	0	0	0	0	0	0	0	0	0	0	0	0	0	0	0	0	0	0	0	0	0	0	0	0	0	0	0	0	0	0	0	0	0	0	0	0	0	0	0	0	0	0	0	0	0.00915	0	0	0	0	0	0	0.62859	0.58036	0.21558	0.07612	0	0	0	0	0	0	0	0	0	0	0	0	0	0	0	0	0	0	0	0	0	0	0	0	0.00665	0	0
Fretibacterium_fastidiosum	0	0	0	0.00237	0.00099	0	0	0.00201	0.0034	0	0	0.00467	0	0.00356	0.00315	0	0.00083	0	0	0.0039	0.006	0.00197	0	0	0	0	0	0.00938	0	0	0	0	0	0.00328	0	0	0.00148	0	0	0	0	0	0.00188	0	0	0.00257	0	0	0	0	0.00308	0	0	0	0.00216	0	0	0	0	0.00127	0.00131	0	0.00129	0	0	0	0	0	0.00067	0	0	0.00237	0	0	0	0	0	0	0.001	0	0.0008	0.00136	0	0.00089	0	0.00109	0	0	0	0	0	0.00183	0	0	0.0011	0	0	0	0.00088	0	0	0	0.00764	0	0	0	0	0	0	0	0	0	0	0	0	0	0	0	0	0	0	0.00255	0	0.00078	0	0	0	0.00061	0	0	0	0.00378	0	0	0	0.00268	0.00327	0	0.00093	0.00125	0	0.00129	0	0	0	0	0	0	0	0	0	0	0.00051	0.00139	0	0	0.00432	0.00272	0	0.00235	0	0.0013
Akkermansia_muciniphila	0.00462	67.3344	0.07128	0.03365	0.01004	1.38099	1.03579	1.01299	0.15241	51.35319	23.40122	16.31385	0.00308	0.07855	0.44301	0.11636	0.0001	9.63435	1.8108	1.60508	17.43255	1.07112	8.58909	2.4418	0.29431	0.12915	2.39018	1.00766	0.00071	0	3.74668	23.54869	26.70258	27.2135	49.79252	39.56925	32.46711	0.22762	0.14765	8.42281	0.35599	5.20567	0.71604	3.92668	1.6554	1.1883	6.36291	42.34736	41.92988	46.25452	33.87436	34.33006	32.0092	51.6284	14.30951	37.03278	38.84779	6.00415	28.68597	1.44969	1.2233	29.82821	13.02128	34.88097	12.81284	21.93703	41.44907	27.39419	8.45133	12.81049	0.21947	42.62687	25.90571	0.10262	3.39483	2.49647	0.04136	17.88895	33.74879	5.80998	64.86214	48.50908	58.75522	42.04878	18.3964	34.76835	13.81903	42.074	22.71403	0.81449	6.47987	30.74672	19.93189	2.00932	2.70097	24.83575	44.25684	48.45649	45.62378	61.88996	45.34377	53.4981	41.29416	35.41956	6.36929	30.07704	28.90482	51.65724	46.11705	31.30472	9.22306	39.89957	8.02166	33.57136	58.68851	18.14215	40.26492	19.26356	70.4408	48.33043	14.22263	43.54601	30.81933	26.47856	63.20368	44.25041	19.04416	7.30669	5.39913	1.90824	0.03715	0.3275	19.52072	0.78022	10.44801	0.1664	37.99117	47.06782	62.58887	1.91415	60.23314	33.55659	0.03015	42.80705	0.13674	39.51331	1.01858	0.32218	4.51502	57.17862	64.94796	70.01726	34.25295	47.49649	81.5735	25.86623	0.00567	20.78327	53.63825	0.49766	0.004	0.00088
